Sample name;1155-DVS2224C3501
Subsample name;子样品1
Subsample status;Finished
Operating procedure;OP:PA6采谱
Determination start;2026-05-15 01:49:28Z

MEAS SPEC;记录光谱 1;Met：PA6采谱  1
MP list
#;Wavelength / nm;Absorbance / AU
1;1000;0.3272139529498336
2;1000.5;0.3272198622953093
3;1001;0.32720609772364917
4;1001.5;0.32717988302133205
5;1002;0.3271459728449403
6;1002.5;0.32710912165105627
7;1003;0.32707408409626215
8;1003.5;0.3270456148371402
9;1004;0.3270284683302728
10;1004.5;0.3270273991322422
11;1005;0.3270471619996307
12;1005.5;0.3270905520469454
13;1006;0.3271509023617226
14;1006.5;0.3272236187569775
15;1007;0.32730497053902424
16;1007.5;0.3273912273141773
17;1008;0.32747865858875086
18;1008.5;0.3275635336690593
19;1009;0.327642122261417
20;1009.5;0.32771069387213814
21;1010;0.3277655179406154
22;1010.5;0.3278070853974969
23;1011;0.3278471364411346
24;1011.5;0.32788651290029136
25;1012;0.32792482380373034
26;1012.5;0.3279616781802146
27;1013;0.3279966849585071
28;1013.5;0.32802945306737097
29;1014;0.3280595915355692
30;1014.5;0.3280867093918648
31;1015;0.3281109993979105
32;1015.5;0.3281519805134308
33;1016;0.3282084855596913
34;1016.5;0.32827532853388425
35;1017;0.32834776673320176
36;1017.5;0.3284210573548359
37;1018;0.32849045769597895
38;1018.5;0.32855122495382294
39;1019;0.32859861642556004
40;1019.5;0.3286278893083825
41;1020;0.3286352505389993
42;1020.5;0.32862982895166565
43;1021;0.32861506164451837
44;1021.5;0.3285943391473786
45;1022;0.3285711068900674
46;1022.5;0.32854881020240595
47;1023;0.32853089461421525
48;1023.5;0.3285208056553166
49;1024;0.32852198855553094
50;1024.5;0.3285378889446795
51;1025;0.328568974435486
52;1025.5;0.32860365755977733
53;1026;0.32864436229647126
54;1026.5;0.32868962933773876
55;1027;0.328737999675751
56;1027.5;0.3287880139026788
57;1028;0.32883821291069343
58;1028.5;0.3288871373919658
59;1029;0.32893332823866694
60;1029.5;0.32897532614296787
61;1030;0.32901309636372156
62;1030.5;0.32904931642984986
63;1031;0.329083188730871
64;1031.5;0.32911477072532663
65;1032;0.3291441201717581
66;1032.5;0.32917129472870715
67;1033;0.3291963520547152
68;1033.5;0.3292193499083237
69;1034;0.32924034574807426
70;1034.5;0.3292593973325084
71;1035;0.3292801498198693
72;1035.5;0.32930616705529453
73;1036;0.32933385116641334
74;1036.5;0.32936190168270757
75;1037;0.3293890177336595
76;1037.5;0.32941389884875105
77;1038;0.32943524425746473
78;1038.5;0.32945175348928224
79;1039;0.32946212577368594
80;1039.5;0.32946506064015796
81;1040;0.32945748803336905
82;1040.5;0.32943914097939475
83;1041;0.3294127427155958
84;1041.5;0.3293802031828253
85;1042;0.32934343212193623
86;1042.5;0.3293043394737817
87;1043;0.32926483477921464
88;1043.5;0.3292268280790882
89;1044;0.32919222911425533
90;1044.5;0.3291629477255691
91;1045;0.32913196529025274
92;1045.5;0.32910033461302735
93;1046;0.3290716537530779
94;1046.5;0.32904664312259413
95;1047;0.3290260229337661
96;1047.5;0.32901051349878385
97;1048;0.3290008350298372
98;1048.5;0.3289977078391161
99;1049;0.32900185233881063
100;1049.5;0.329013958987883
101;1050;0.32902503425938
102;1050.5;0.329037916621049
103;1051;0.32905403904777564
104;1051.5;0.3290725214144456
105;1052;0.3290924837959446
106;1052.5;0.32911304606715824
107;1053;0.3291333284029723
108;1053.5;0.32915245057827247
109;1054;0.32916953256794435
110;1054.5;0.32918370395443236
111;1055;0.3291948612685064
112;1055.5;0.32920523529239054
113;1056;0.32921486730409855
114;1056.5;0.32922340558164404
115;1057;0.3292304985030408
116;1057.5;0.3292357943463025
117;1058;0.3292389413894428
118;1058.5;0.3292395879104754
119;1059;0.32923738238741407
120;1059.5;0.32923216786457343
121;1060;0.32922901738113886
122;1060.5;0.329230570624528
123;1061;0.3292354471141093
124;1061.5;0.3292421478692512
125;1062;0.3292491738093223
126;1062.5;0.329255026053691
127;1063;0.3292582056217259
128;1063.5;0.3292572134327955
129;1064;0.3292505505062683
130;1064.5;0.3292363199361895
131;1065;0.32920784232795813
132;1065.5;0.3291649963752722
133;1066;0.32911109844104486
134;1066.5;0.3290494989881895
135;1067;0.32898354827961923
136;1067.5;0.32891659687824726
137;1068;0.32885199504698687
138;1068.5;0.3287930934487511
139;1069;0.3287432422464533
140;1069.5;0.32870694465338157
141;1070;0.3286944975051847
142;1070.5;0.3287001394023043
143;1071;0.3287194266854919
144;1071.5;0.3287481536954989
145;1072;0.32878211487307685
146;1072.5;0.32881710485897714
147;1073;0.3288489180939512
148;1073.5;0.32887334901875054
149;1074;0.32888619217412657
150;1074.5;0.32888544092989586
151;1075;0.3288825773698238
152;1075.5;0.32887734973161864
153;1076;0.3288699617621883
154;1076.5;0.3288607258084407
155;1077;0.3288499544172837
156;1077.5;0.3288379600356253
157;1078;0.32882505501037324
158;1078.5;0.32881155188843547
159;1079;0.3287977630167199
160;1079.5;0.3287834227648133
161;1080;0.3287649051383843
162;1080.5;0.32874081481912265
163;1081;0.3287129327780521
164;1081.5;0.3286831011861963
165;1082;0.3286531625145792
166;1082.5;0.32862495893422444
167;1083;0.32860033261615573
168;1083.5;0.32858112593139677
169;1084;0.32856918115097145
170;1084.5;0.3285646378325312
171;1085;0.32856137205466973
172;1085.5;0.32855956294956185
173;1086;0.32855909707189046
174;1086.5;0.32855984387633824
175;1087;0.32856167291758787
176;1087.5;0.32856445355032216
177;1088;0.32856805522922383
178;1088.5;0.32857234750897557
179;1089;0.3285771998442601
180;1089.5;0.32858225024022947
181;1090;0.32858588783562126
182;1090.5;0.3285875568492308
183;1091;0.3285879631941527
184;1091.5;0.32858782088348154
185;1092;0.3285878440303122
186;1092.5;0.3285887469477391
187;1093;0.32859124354885705
188;1093.5;0.3285960482467606
189;1094;0.32860387505454447
190;1094.5;0.32861697058704403
191;1095;0.3286399594676136
192;1095.5;0.3286709159939668
193;1096;0.3287077286209964
194;1096.5;0.3287482881035951
195;1097;0.3287904850966556
196;1097.5;0.3288322106550706
197;1098;0.3288713552337329
198;1098.5;0.32890580988753504
199;1099;0.32893346517136995
200;1099.5;0.32895279011773804
201;1100;0.3289652791318487
202;1100.5;0.32897235702409416
203;1101;0.328974717021444
204;1101.5;0.3289730504508679
205;1102;0.32896804833933535
206;1102.5;0.32896040191381604
207;1103;0.32895080240127944
208;1103.5;0.3289399408286952
209;1104;0.3289285084230329
210;1104.5;0.32891545581339016
211;1105;0.32889717847931993
212;1105.5;0.32887501652615053
213;1106;0.3288501087044336
214;1106.5;0.32882359276472056
215;1107;0.32879660645756303
216;1107.5;0.32877028753351273
217;1108;0.32874577384312104
218;1108.5;0.3287242031369397
219;1109;0.32870671306552024
220;1109.5;0.3286930497379298
221;1110;0.3286806384192186
222;1110.5;0.3286699684284825
223;1111;0.3286611278147912
224;1111.5;0.32865420382721433
225;1112;0.3286492837148217
226;1112.5;0.328646454426683
227;1113;0.32864580341186783
228;1113.5;0.32864741761944577
229;1114;0.3286513842984868
230;1114.5;0.3286594327938114
231;1115;0.3286738089221165
232;1115.5;0.3286923333435745
233;1116;0.32871440994001605
234;1116.5;0.3287394455932719
235;1117;0.3287668473851727
236;1117.5;0.3287960221975491
237;1118;0.32882637701223205
238;1118.5;0.32885731871105184
239;1119;0.32888825427583956
240;1119.5;0.32892165650375604
241;1120;0.32896280517036974
242;1120.5;0.3290088465962399
243;1121;0.3290584463373143
244;1121.5;0.32911027484954036
245;1122;0.32916300248886593
246;1122.5;0.3292152997112384
247;1123;0.32926583687260547
248;1123.5;0.3293132844289149
249;1124;0.329356312936114
250;1124.5;0.32939535485038446
251;1125;0.32943177908889276
252;1125.5;0.32946353085520913
253;1126;0.3294921530953935
254;1126.5;0.3295192023555054
255;1127;0.329546235181605
256;1127.5;0.3295748081197518
257;1128;0.3296064777160058
258;1128.5;0.3296428004164268
259;1129;0.32968533286707447
260;1129.5;0.3297356371982774
261;1130;0.32979247475883866
262;1130.5;0.3298523593908003
263;1131;0.32991488987153994
264;1131.5;0.3299796864784358
265;1132;0.33004636928886544
266;1132.5;0.33011455828020686
267;1133;0.3301838737298378
268;1133.5;0.3302539358151363
269;1134;0.33032436451348013
270;1134.5;0.33039455592923545
271;1135;0.3304640823370618
272;1135.5;0.3305336745276188
273;1136;0.33060364627213484
274;1136.5;0.330674305541838
275;1137;0.3307459609079566
276;1137.5;0.3308189205417188
277;1138;0.3308934927143528
278;1138.5;0.330969985697087
279;1139;0.3310487078611494
280;1139.5;0.33112963429238584
281;1140;0.331214757806695
282;1140.5;0.3313077953306946
283;1141;0.33140771295873944
284;1141.5;0.3315134065851844
285;1142;0.33162377250438435
286;1142.5;0.33173770691069426
287;1143;0.33185410589846887
288;1143.5;0.33197186576206317
289;1144;0.3320898823958319
290;1144.5;0.33221075935033795
291;1145;0.3323450481390601
292;1145.5;0.3324933333751761
293;1146;0.3326536511609942
294;1146.5;0.33282398549882264
295;1147;0.3330023202909696
296;1147.5;0.33318663963974327
297;1148;0.3333749273474518
298;1148.5;0.33356516761640337
299;1149;0.3337553442489062
300;1149.5;0.33394768504258415
301;1150;0.33415357664688805
302;1150.5;0.33436900711269724
303;1151;0.33459150421177314
304;1151.5;0.33481869561587707
305;1152;0.33504820919677025
306;1152.5;0.33527767272621417
307;1153;0.33550471397596987
308;1153.5;0.33572696061779883
309;1154;0.3359420405234624
310;1154.5;0.3361503063773437
311;1155;0.336360121591106
312;1155.5;0.33656920988330696
313;1156;0.3367769043040033
314;1156.5;0.33698268260325215
315;1157;0.3371860225311103
316;1157.5;0.3373864019376346
317;1158;0.33758329857288205
318;1158.5;0.33777619028690953
319;1159;0.33796455482977394
320;1159.5;0.3381482143712623
321;1160;0.33832957466282365
322;1160.5;0.33851122353104574
323;1161;0.3386935975969826
324;1161.5;0.33887701038168816
325;1162;0.33906177560621636
326;1162.5;0.33924820689162144
327;1163;0.3394366179589569
328;1163.5;0.33962732222927705
329;1164;0.3398206335236357
330;1164.5;0.34001543663716993
331;1165;0.34020657516278263
332;1165.5;0.3404014535024783
333;1166;0.3406007710510332
334;1166.5;0.34080445930322345
335;1167;0.34101245025382504
336;1167.5;0.3412246754976143
337;1168;0.3414410666293673
338;1168.5;0.3416615555438602
339;1169;0.3418860738358691
340;1169.5;0.3421155062632163
341;1170;0.3423568868529814
342;1170.5;0.3426169983440934
343;1171;0.34289444614984266
344;1171.5;0.34318679868351953
345;1172;0.34349162425841445
346;1172.5;0.3438064911878178
347;1173;0.3441289678850199
348;1173.5;0.3444566225633112
349;1174;0.344787023635982
350;1174.5;0.3451192824388264
351;1175;0.34546496464200094
352;1175.5;0.345825447509459
353;1176;0.34619839123995366
354;1176.5;0.34658134313223793
355;1177;0.34697185028506494
356;1177.5;0.3473674600971878
357;1178;0.34776571956735947
358;1178.5;0.3481641760943332
359;1179;0.348560376876862
360;1179.5;0.3489528329706182
361;1180;0.3493515791061691
362;1180.5;0.3497580938791255
363;1181;0.3501701369146517
364;1181.5;0.35058553033791223
365;1182;0.35100209617407135
366;1182.5;0.3514176564482935
367;1183;0.35183003318574313
368;1183.5;0.3522370483115845
369;1184;0.352636523950982
370;1184.5;0.35302668693879713
371;1185;0.35341363943718546
372;1185.5;0.35380136055775224
373;1186;0.35418871725234297
374;1186.5;0.3545738062728033
375;1187;0.3549547244709791
376;1187.5;0.35532956879871563
377;1188;0.35569643610785884
378;1188.5;0.356053423150254
379;1189;0.35639862697774716
380;1189.5;0.3567302214201179
381;1190;0.3570497033890749
382;1190.5;0.35736140522318444
383;1191;0.3576667784629427
384;1191.5;0.3579661947488462
385;1192;0.35826002562139125
386;1192.5;0.35854864262107417
387;1193;0.3588324174883915
388;1193.5;0.3591117218638395
389;1194;0.35938692708791453
390;1194.5;0.3596584644298031
391;1195;0.35993116192129004
392;1195.5;0.3602001052601699
393;1196;0.3604601598979734
394;1196.5;0.3607091227862322
395;1197;0.3609447908764773
396;1197.5;0.36116496082024
397;1198;0.36136742966905155
398;1198.5;0.3615499942744432
399;1199;0.361710451587946
400;1199.5;0.3618466061747928
401;1200;0.36196689312879887
402;1200.5;0.3620729002090227
403;1201;0.36215987102594377
404;1201.5;0.3622280988900413
405;1202;0.36227787731179495
406;1202.5;0.362309499701684
407;1203;0.36232325937018806
408;1203.5;0.3623194499277864
409;1204;0.36229836468495846
410;1204.5;0.3622602971521838
411;1205;0.3621984395643173
412;1205.5;0.3621022975886016
413;1206;0.36197194897101104
414;1206.5;0.3618123766409279
415;1207;0.3616285633277343
416;1207.5;0.36142549196081236
417;1208;0.3612081451695443
418;1208.5;0.3609815059833123
419;1209;0.3607505570314986
420;1209.5;0.36052028124348523
421;1210;0.36027660669834943
422;1210.5;0.35998893503896867
423;1211;0.3596592289094165
424;1211.5;0.3592943525407458
425;1212;0.35890120216400945
426;1212.5;0.3584866742102602
427;1213;0.358057665010551
428;1213.5;0.3576210708959346
429;1214;0.35718378829746394
430;1214.5;0.356752713646192
431;1215;0.3563220324930793
432;1215.5;0.35586689185867565
433;1216;0.3553912841710465
434;1216.5;0.3549009262168908
435;1217;0.3544015554829073
436;1217.5;0.35389890935579477
437;1218;0.35339872552225204
438;1218.5;0.3529067414689778
439;1219;0.352428694682671
440;1219.5;0.35197032265003036
441;1220;0.35152965709265904
442;1220.5;0.3510851776694082
443;1221;0.3506419201954233
444;1221.5;0.35020327919660493
445;1222;0.34977235979885446
446;1222.5;0.34935226692807275
447;1223;0.34894610581016094
448;1223.5;0.3485569812710199
449;1224;0.34818799843655074
450;1224.5;0.3478422622326545
451;1225;0.34751896260579
452;1225.5;0.3472002758240748
453;1226;0.346886289217379
454;1226.5;0.3465794603853106
455;1227;0.34628214242747757
456;1227.5;0.34599668824348806
457;1228;0.3457254507329501
458;1228.5;0.34547078309547175
459;1229;0.34523503813066103
460;1229.5;0.3450205688381261
461;1230;0.34482852511474654
462;1230.5;0.3446492655730815
463;1231;0.34447650990928674
464;1231.5;0.34430835218258593
465;1232;0.3441433600522027
466;1232.5;0.3439801008773604
467;1233;0.3438171422172829
468;1233.5;0.34365305143119346
469;1234;0.343486396078316
470;1234.5;0.3433157436178737
471;1235;0.34314021484355833
472;1235.5;0.3429668958225848
473;1236;0.34279391375359625
474;1236.5;0.3426198638376177
475;1237;0.3424446701756745
476;1237.5;0.3422682573687917
477;1238;0.34209054971799446
478;1238.5;0.3419114715243081
479;1239;0.34173094708875784
480;1239.5;0.3415489009123687
481;1240;0.34136510931228126
482;1240.5;0.34117469552180485
483;1241;0.34097754459631285
484;1241.5;0.34077585067609634
485;1242;0.3405717455014467
486;1242.5;0.34036736101265497
487;1243;0.34016482905001244
488;1243.5;0.33996628145381047
489;1244;0.3397738500643401
490;1244.5;0.33958966672189267
491;1245;0.33941582431089373
492;1245.5;0.33924138340705123
493;1246;0.33906219750888883
494;1246.5;0.3388838368334879
495;1247;0.3387093484979298
496;1247.5;0.3385417793192957
497;1248;0.33838417641466717
498;1248.5;0.33823958670112547
499;1249;0.33811105739575187
500;1249.5;0.33800163531562777
501;1250;0.33791436757783455
502;1250.5;0.3378397312716537
503;1251;0.3377627724251019
504;1251.5;0.3376851297070606
505;1252;0.33760931021410173
506;1252.5;0.3375378216427972
507;1253;0.337473171489719
508;1253.5;0.33741786745143904
509;1254;0.3373744171245292
510;1254.5;0.3373453282055614
511;1255;0.3373331081911076
512;1255.5;0.3373363936800589
513;1256;0.3373463075534858
514;1256.5;0.3373592727615628
515;1257;0.33737496642519765
516;1257.5;0.33739313106529817
517;1258;0.3374135096027721
518;1258.5;0.3374358447585271
519;1259;0.33745987935347116
520;1259.5;0.33748535610851177
521;1260;0.3375120177445569
522;1260.5;0.337542619210073
523;1261;0.33758463504694036
524;1261.5;0.3376324320955704
525;1262;0.3376836851229805
526;1262.5;0.3377363571961881
527;1263;0.3377884107822104
528;1263.5;0.3378378088480648
529;1264;0.33788251406076864
530;1264.5;0.33792048918733936
531;1265;0.33794969689479415
532;1265.5;0.337969646884241
533;1266;0.3379870132267168
534;1266.5;0.33799881438700413
535;1267;0.3380045910707862
536;1267.5;0.3380044823837464
537;1268;0.3379986275315681
538;1268.5;0.3379871655199345
539;1269;0.337970235554529
540;1269.5;0.3379479768410348
541;1270;0.33792052838513537
542;1270.5;0.3378877301247898
543;1271;0.3378472844115416
544;1271.5;0.3377995828401597
545;1272;0.3377457614888542
546;1272.5;0.33768707483583527
547;1273;0.3376247773593129
548;1273.5;0.33756012343749714
549;1274;0.3374943676485983
550;1274.5;0.33742876447082626
551;1275;0.33736456818239124
552;1275.5;0.33730258880030695
553;1276;0.337232576146659
554;1276.5;0.3371568349079249
555;1277;0.3370792452871836
556;1277.5;0.3370013534875142
557;1278;0.3369247057119959
558;1278.5;0.33685084836370766
559;1279;0.33678132764572866
560;1279.5;0.3367176897611379
561;1280;0.3366614809130146
562;1280.5;0.3366142004165327
563;1281;0.3365666601935689
564;1281.5;0.33651472969518786
565;1282;0.33646214088369286
566;1282.5;0.3364107643213873
567;1283;0.3363624704705743
568;1283.5;0.3363191297935574
569;1284;0.3362826128526396
570;1284.5;0.3362547900101244
571;1285;0.33623753182831506
572;1285.5;0.33623270886951484
573;1286;0.33623770447824297
574;1286.5;0.3362452908505216
575;1287;0.33625376855447975
576;1287.5;0.3362632741446211
577;1288;0.33627394767544966
578;1288.5;0.33628592870146895
579;1289;0.33629935727718296
580;1289.5;0.3363143732570954
581;1290;0.33633111639571
582;1290.5;0.3363497265475305
583;1291;0.33637371705651464
584;1291.5;0.3364083339726477
585;1292;0.3364477040373132
586;1292.5;0.3364897847928318
587;1293;0.3365326757815243
588;1293.5;0.33657447644571153
589;1294;0.336613286527714
590;1294.5;0.33664720536985265
591;1295;0.33667433251444806
592;1295.5;0.3366927676038211
593;1296;0.33670180108808345
594;1296.5;0.3367056674983208
595;1297;0.336704699473219
596;1297.5;0.33669953594359825
597;1298;0.3366909230402785
598;1298.5;0.3366796069940797
599;1299;0.336666334135822
600;1299.5;0.3366518504963253
601;1300;0.33663690250640976
602;1300.5;0.33662223629689525
603;1301;0.3366078467405166
604;1301.5;0.3365891724639968
605;1302;0.33656985755474683
606;1302.5;0.336550983648008
607;1303;0.3365328097790218
608;1303.5;0.3365155948830295
609;1304;0.3364995981952726
610;1304.5;0.3364850787509924
611;1305;0.33647229548543023
612;1305.5;0.33646150753382753
613;1306;0.336452945267924
614;1306.5;0.3364457090277642
615;1307;0.3364386184801379
616;1307.5;0.336431728397539
617;1308;0.3364251906524611
618;1308.5;0.33641915681739837
619;1309;0.33641377876484435
620;1309.5;0.3364092081672929
621;1310;0.336405596797238
622;1310.5;0.33640309652717343
623;1311;0.33640189354990147
624;1311.5;0.3364069732596714
625;1312;0.33641964627650384
626;1312.5;0.3364379807041443
627;1313;0.33646124254633814
628;1313.5;0.33648869800683084
629;1314;0.336519612889368
630;1314.5;0.336553253397695
631;1315;0.3365888855355572
632;1315.5;0.3366257753067004
633;1316;0.33666318881486984
634;1316.5;0.33670590619982754
635;1317;0.336756056306281
636;1317.5;0.33680821848713915
637;1318;0.3368616088397906
638;1318.5;0.3369154487616243
639;1319;0.33696895965002926
640;1319.5;0.33702136300239377
641;1320;0.33707188041610703
642;1320.5;0.3371197331885576
643;1321;0.3371641429171344
644;1321.5;0.33720791207399087
645;1322;0.3372573027242495
646;1322.5;0.3373069302152373
647;1323;0.337356254390926
648;1323.5;0.33740492819528745
649;1324;0.3374526041722935
650;1324.5;0.337498935365916
651;1325;0.33754357432012677
652;1325.5;0.3375861737788976
653;1326;0.3376263866862003
654;1326.5;0.33766570947512375
655;1327;0.3377109526785481
656;1327.5;0.33775743393726776
657;1328;0.33780314797490985
658;1328.5;0.3378465279151014
659;1329;0.3378860069814696
660;1329.5;0.3379200183976416
661;1330;0.3379469950872443
662;1330.5;0.3379653703739049
663;1331;0.3379735773812505
664;1331.5;0.3379710543586824
665;1332;0.3379670973766432
666;1332.5;0.3379627676110013
667;1333;0.3379579274226511
668;1333.5;0.337952899672487
669;1334;0.3379480075214033
670;1334.5;0.33794357393029434
671;1335;0.3379399219600545
672;1335.5;0.337937374471578
673;1336;0.33793625452575937
674;1336.5;0.3379368131533848
675;1337;0.33793701674454024
676;1337.5;0.3379376688415641
677;1338;0.3379396352197196
678;1338.5;0.3379431069542698
679;1339;0.337948275520478
680;1339.5;0.3379553320936074
681;1340;0.33796446804892105
682;1340.5;0.3379758746616822
683;1341;0.3379897432071542
684;1341.5;0.3380062651152153
685;1342;0.3380281606358614
686;1342.5;0.33805912888358114
687;1343;0.3380992737233101
688;1343.5;0.3381468735199842
689;1344;0.33820020633853887
690;1344.5;0.3382575504439099
691;1345;0.33831718380103293
692;1345.5;0.3383773846748436
693;1346;0.3384364313302778
694;1346.5;0.33849260173227086
695;1347;0.3385504770341961
696;1347.5;0.3386211269787338
697;1348;0.3387041193164931
698;1348.5;0.33879743768665904
699;1349;0.3388990500284164
700;1349.5;0.3390069240809504
701;1350;0.33911902768344565
702;1350.5;0.3392333287750872
703;1351;0.33934779499506007
704;1351.5;0.3394603944825491
705;1352;0.3395740130516426
706;1352.5;0.3397044568599113
707;1353;0.33985066471690006
708;1353.5;0.3400106843875615
709;1354;0.3401826031368482
710;1354.5;0.34036450792971307
711;1355;0.3405544859311087
712;1355.5;0.3407506243059878
713;1356;0.3409510102193031
714;1356.5;0.34115373073600735
715;1357;0.34135850060008555
716;1357.5;0.3415763691836312
717;1358;0.341806447677775
718;1358.5;0.34204719826757707
719;1359;0.3422975361380977
720;1359.5;0.3425563762743972
721;1360;0.3428226338615358
722;1360.5;0.34309522408457377
723;1361;0.34337306202857126
724;1361.5;0.3436550628785887
725;1362;0.3439404052697697
726;1362.5;0.34423445680569387
727;1363;0.3445385680231322
728;1363.5;0.3448513863283845
729;1364;0.34517167062775095
730;1364.5;0.3454981795275314
731;1365;0.34582967193402564
732;1365.5;0.3461649063535338
733;1366;0.34650264169235573
734;1366.5;0.3468416366567914
735;1367;0.3471806521297574
736;1367.5;0.34752028225975246
737;1368;0.3478626452070214
738;1368.5;0.3482084397317099
739;1369;0.34855785749396295
740;1369.5;0.34891109025392586
741;1370;0.34926832957174375
742;1370.5;0.349629767307562
743;1371;0.34999559512152584
744;1371.5;0.35036600457378053
745;1372;0.35074118752447125
746;1372.5;0.35112269291970066
747;1373;0.35151192684084565
748;1373.5;0.3519072770199896
749;1374;0.3523074264192524
750;1374.5;0.3527110599007542
751;1375;0.3531168618266146
752;1375.5;0.3535235167589537
753;1376;0.3539297095598915
754;1376.5;0.3543341245915478
755;1377;0.35473544651604244
756;1377.5;0.3551348886624951
757;1378;0.35553993190542216
758;1378.5;0.355949104330599
759;1379;0.35635990596669237
760;1379.5;0.3567698344423692
761;1380;0.35717638748629615
762;1380.5;0.35757706262714034
763;1381;0.3579693576935684
764;1381.5;0.3583507703142473
765;1382;0.3587187981178438
766;1382.5;0.35907224653669295
767;1383;0.35941854174383714
768;1383.5;0.3597552015192772
769;1384;0.36008080361334927
770;1384.5;0.36039442757638945
771;1385;0.3606951529587338
772;1385.5;0.3609820592107186
773;1386;0.36125422568267973
774;1386.5;0.36151073202495354
775;1387;0.3617506575878761
776;1387.5;0.3619732164743379
777;1388;0.36218169725297455
778;1388.5;0.3623770315657893
779;1389;0.36256050420557573
780;1389.5;0.3627342519651276
781;1390;0.36290041193723843
782;1390.5;0.3630611210147018
783;1391;0.3632185161903113
784;1391.5;0.36337473425686084
785;1392;0.36353191220714376
786;1392.5;0.3636921844132397
787;1393;0.3638522708566934
788;1393.5;0.36400590893708495
789;1394;0.3641532643547075
790;1394.5;0.3642965523098544
791;1395;0.36443798780281894
792;1395.5;0.3645797860338943
793;1396;0.36472416210337383
794;1396.5;0.36487333121155074
795;1397;0.3650295085587184
796;1397.5;0.36519490904517
797;1398;0.3653735746842969
798;1398.5;0.3655661530074896
799;1399;0.3657667878081842
800;1399.5;0.3659735584391043
801;1400;0.36618456745297323
802;1400.5;0.3663979174025145
803;1401;0.36661171084045147
804;1401.5;0.36682405031950766
805;1402;0.3670330383924066
806;1402.5;0.36723677761187146
807;1403;0.36743701287473673
808;1403.5;0.36764377582215135
809;1404;0.36784957507370136
810;1404.5;0.3680525512308127
811;1405;0.3682512697949112
812;1405.5;0.36844429646742277
813;1406;0.3686301967497735
814;1406.5;0.36880753624338913
815;1407;0.3689748806496955
816;1407.5;0.3691307954701187
817;1408;0.36927552567560784
818;1408.5;0.36942269161967445
819;1409;0.36956687394892
820;1409.5;0.3697058535374116
821;1410;0.3698388654592161
822;1410.5;0.3699651445884003
823;1411;0.3700839259990311
824;1411.5;0.3701944446651754
825;1412;0.37029593546090017
826;1412.5;0.37038763346027215
827;1413;0.3704689282009821
828;1413.5;0.3705452469659819
829;1414;0.3706193727516614
830;1414.5;0.37069146361881555
831;1415;0.37076182132823926
832;1415.5;0.37083074784072756
833;1416;0.3708985449170753
834;1416.5;0.37096551431807756
835;1417;0.3710319581045291
836;1417.5;0.371098177937225
837;1418;0.3711644756769601
838;1418.5;0.3712318060996501
839;1419;0.37130196425799294
840;1419.5;0.37137507099138467
841;1420;0.3714502869258549
842;1420.5;0.3715267723874329
843;1421;0.37160368780214814
844;1421.5;0.37168019349603015
845;1422;0.3717554499951083
846;1422.5;0.3718286177254119
847;1423;0.3718988571129706
848;1423.5;0.37196673316840023
849;1424;0.37203513195797056
850;1424.5;0.3721040567101197
851;1425;0.37217251146920904
852;1425.5;0.3722394906795997
853;1426;0.37230398828565303
854;1426.5;0.37236499853173033
855;1427;0.3724215156621928
856;1427.5;0.3724725339214018
857;1428;0.3725170473537185
858;1428.5;0.3725541837142345
859;1429;0.3725857446432209
860;1429.5;0.3726161059642068
861;1430;0.37264500713491994
862;1430.5;0.3726718677130882
863;1431;0.37269610755643895
864;1431.5;0.3727171463227001
865;1432;0.3727344037695994
866;1432.5;0.37274729965486453
867;1433;0.37275525363622297
868;1433.5;0.3727574493025836
869;1434;0.3727504872509175
870;1434.5;0.37273695997243267
871;1435;0.3727184403428935
872;1435.5;0.37269584273806383
873;1436;0.37267008123370815
874;1436.5;0.37264206990559046
875;1437;0.37261272312947497
876;1437.5;0.3725829549811257
877;1438;0.37255367963630703
878;1438.5;0.37252579660242996
879;1439;0.3724987118542553
880;1439.5;0.37247105296765365
881;1440;0.37244259991407624
882;1440.5;0.37241351836497455
883;1441;0.3723839742918002
884;1441.5;0.3723541334660046
885;1442;0.37232416175903904
886;1442.5;0.37229422494235503
887;1443;0.3722644887874042
888;1443.5;0.37223511916563784
889;1444;0.37220370711504647
890;1444.5;0.3721677755158333
891;1445;0.37212925176277784
892;1445.5;0.372089785874688
893;1446;0.37205102807037116
894;1446.5;0.3720146287686351
895;1447;0.37198223788828755
896;1447.5;0.371955505948136
897;1448;0.37193608296698816
898;1448.5;0.37192561916365163
899;1449;0.37192384318664123
900;1449.5;0.37192548082756083
901;1450;0.3719299619337729
902;1450.5;0.3719371447138766
903;1451;0.37194688757647115
904;1451.5;0.37195904913015576
905;1452;0.3719734875835296
906;1452.5;0.3719900615451919
907;1453;0.3720086294237418
908;1453.5;0.37202904962777855
909;1454;0.3720512667467822
910;1454.5;0.37207622985357575
911;1455;0.37210533588699823
912;1455.5;0.37213775318280484
913;1456;0.37217245447675085
914;1456.5;0.37220841230459173
915;1457;0.3722445995020828
916;1457.5;0.3722799886049792
917;1458;0.3723135524490365
918;1458.5;0.37234426347000993
919;1459;0.3723712879028009
920;1459.5;0.37239795274955456
921;1460;0.3724242071008623
922;1460.5;0.3724502295745234
923;1461;0.37247660588833714
924;1461.5;0.3725039220601031
925;1462;0.3725327636076205
926;1462.5;0.3725637164486889
927;1463;0.3725973663011076
928;1463.5;0.3726342990826762
929;1464;0.37267510207719673
930;1464.5;0.37272510215508015
931;1465;0.3727852403921175
932;1465.5;0.37285323667770515
933;1466;0.372928629901239
934;1466.5;0.37301095915211546
935;1467;0.3730997633197305
936;1467.5;0.37319458129348043
937;1468;0.37329495206276136
938;1468.5;0.3734004144169695
939;1469;0.37351050754550086
940;1469.5;0.37362901056071207
941;1470;0.37376356613141465
942;1470.5;0.37391244588985156
943;1471;0.37407326529037477
944;1471.5;0.37424363978733666
945;1472;0.3744211849350897
946;1472.5;0.37460351618798593
947;1473;0.3747882489003779
948;1473.5;0.3749729985266176
949;1474;0.3751553806210577
950;1474.5;0.37533626029459555
951;1475;0.3755260641713553
952;1475.5;0.3757213777070689
953;1476;0.37591966366918345
954;1476.5;0.376118475425146
955;1477;0.3763153664424035
956;1477.5;0.3765078899884031
957;1478;0.37669359963059174
958;1478.5;0.3768700486364167
959;1479;0.37703479047332494
960;1479.5;0.37718623584162253
961;1480;0.3773319938277374
962;1480.5;0.37747208353436495
963;1481;0.3776065982740537
964;1481.5;0.37773605415935163
965;1482;0.3778609672028071
966;1482.5;0.3779818535169683
967;1483;0.3780992289143836
968;1483.5;0.3782136095076012
969;1484;0.3783255113091693
970;1484.5;0.37843538715747255
971;1485;0.3785401854323946
972;1485.5;0.3786396616976564
973;1486;0.37873536710517897
974;1486.5;0.3788286293068837
975;1487;0.37892077585469175
976;1487.5;0.3790131342005242
977;1488;0.3791070321963025
978;1488.5;0.37920379719394753
979;1489;0.3793047569453808
980;1489.5;0.37941123900252327
981;1490;0.37952309980748733
982;1490.5;0.37963525070061743
983;1491;0.379746239295742
984;1491.5;0.3798571446306768
985;1492;0.37996904574323775
986;1492.5;0.3800830215712406
987;1493;0.38020015135250096
988;1493.5;0.3803215139248349
989;1494;0.38044818842605804
990;1494.5;0.3805812538939862
991;1495;0.3807245583821078
992;1495.5;0.3808836983090207
993;1496;0.3810549514345997
994;1496.5;0.38123723065772974
995;1497;0.3814294660772958
996;1497.5;0.3816305876921827
997;1498;0.3818395253012756
998;1498.5;0.38205520890345923
999;1499;0.38227656849761865
1000;1499.5;0.38250253398263867
1001;1500;0.382733864210348
1002;1500.5;0.3829800382732227
1003;1501;0.3832389808455254
1004;1501.5;0.38350783119550186
1005;1502;0.38378382279139844
1006;1502.5;0.38406418890146093
1007;1503;0.3843461629939354
1008;1503.5;0.38462697833706816
1009;1504;0.38490386839910495
1010;1504.5;0.3851740664482919
1011;1505;0.38543553022247734
1012;1505.5;0.385698926128737
1013;1506;0.38596522459270244
1014;1506.5;0.3862316929746379
1015;1507;0.3864958575348073
1016;1507.5;0.38675524433347463
1017;1508;0.38700737973090377
1018;1508.5;0.38724978988735875
1019;1509;0.38748000096310364
1020;1509.5;0.3876955392184024
1021;1510;0.38789394961347246
1022;1510.5;0.3880809824553027
1023;1511;0.38826538393660986
1024;1511.5;0.38844791207797674
1025;1512;0.38862836219998576
1026;1512.5;0.3888065299232193
1027;1513;0.3889822105682601
1028;1513.5;0.3891551996556905
1029;1514;0.38932529270609306
1030;1514.5;0.3894922850400504
1031;1515;0.3896559722781448
1032;1515.5;0.389812975520175
1033;1516;0.38996060907247204
1034;1516.5;0.39010254062858707
1035;1517;0.39024094206946813
1036;1517.5;0.39037798497606346
1037;1518;0.390515841329321
1038;1518.5;0.390656682710189
1039;1519;0.3908026809996155
1040;1519.5;0.3909560078785487
1041;1520;0.3911188352279365
1042;1520.5;0.391292661210051
1043;1521;0.3914759810075727
1044;1521.5;0.3916679662070087
1045;1522;0.3918673407237918
1046;1522.5;0.39207282007335487
1047;1523;0.3922831197711305
1048;1523.5;0.3924969552325514
1049;1524;0.39271304207305036
1050;1524.5;0.3929300956080602
1051;1525;0.39314683145301343
1052;1525.5;0.3933632150484694
1053;1526;0.3935886777685677
1054;1526.5;0.39382322356779287
1055;1527;0.39406358947513564
1056;1527.5;0.3943064683195868
1057;1528;0.394548552630137
1058;1528.5;0.39478653543577713
1059;1529;0.3950171092654976
1060;1529.5;0.3952369669482894
1061;1530;0.39544280121314324
1062;1530.5;0.39563149812977316
1063;1531;0.39580740622430444
1064;1531.5;0.39597376189440525
1065;1532;0.39612966787708687
1066;1532.5;0.3962740211093608
1067;1533;0.39640571842823835
1068;1533.5;0.39652365697073094
1069;1534;0.39662673347385
1070;1534.5;0.39671384487460704
1071;1535;0.3967838880100133
1072;1535.5;0.3968357600170801
1073;1536;0.39685195328130984
1074;1536.5;0.39681804798708803
1075;1537;0.3967388844351343
1076;1537.5;0.39661883941800846
1077;1538;0.39646228932827005
1078;1538.5;0.3962736106584789
1079;1539;0.3960571801011948
1080;1539.5;0.39581737404897727
1081;1540;0.395558568994386
1082;1540.5;0.39528514162998085
1083;1541;0.3949803171486626
1084;1541.5;0.39460253663642036
1085;1542;0.39416091452897484
1086;1542.5;0.39366730087790275
1087;1543;0.39313354513478094
1088;1543.5;0.3925714970511859
1089;1544;0.3919930064786944
1090;1544.5;0.3914099229688831
1091;1545;0.3908340962733287
1092;1545.5;0.3902773761436079
1093;1546;0.38973984864453054
1094;1546.5;0.3891718932548661
1095;1547;0.3885702735778406
1096;1547.5;0.38794694440003946
1097;1548;0.38731402690804845
1098;1548.5;0.3866836418884528
1099;1549;0.38606791042783817
1100;1549.5;0.38547895351279016
1101;1550;0.3849288921298941
1102;1550.5;0.3844298472657356
1103;1551;0.38399011156094637
1104;1551.5;0.3835718299340952
1105;1552;0.3831618631967486
1106;1552.5;0.3827659945119391
1107;1553;0.3823906035426992
1108;1553.5;0.38204207005206153
1109;1554;0.3817267737030585
1110;1554.5;0.38145109425872264
1111;1555;0.38122141148208644
1112;1555.5;0.38104410503618247
1113;1556;0.38092526694368856
1114;1556.5;0.38084983261317473
1115;1557;0.3808009310014945
1116;1557.5;0.38077665033537544
1117;1558;0.38077624234154517
1118;1558.5;0.38079895874673103
1119;1559;0.38084405147766087
1120;1559.5;0.38091077216106206
1121;1560;0.3809983727236623
1122;1560.5;0.3811061047921891
1123;1561;0.38123322019337
1124;1561.5;0.38138939068334266
1125;1562;0.38158039269734784
1126;1562.5;0.3817983366824752
1127;1563;0.3820371276310072
1128;1563.5;0.38229067033522657
1129;1564;0.38255286968741553
1130;1564.5;0.3828176306798568
1131;1565;0.38307885800483266
1132;1565.5;0.3833304566546258
1133;1566;0.3835663314215185
1134;1566.5;0.38379140945348866
1135;1567;0.3840263810391608
1136;1567.5;0.38426519672556975
1137;1568;0.38450326477957847
1138;1568.5;0.3847359930680502
1139;1569;0.3849587899578476
1140;1569.5;0.38516706341583395
1141;1570;0.3853562216088721
1142;1570.5;0.3855216727038253
1143;1571;0.3856588247675564
1144;1571.5;0.38576576827730824
1145;1572;0.3858522887980574
1146;1572.5;0.3859159603449644
1147;1573;0.3859567724462448
1148;1573.5;0.3859748288301144
1149;1574;0.3859702328247887
1150;1574.5;0.38594308795848337
1151;1575;0.38589349775941395
1152;1575.5;0.38582156565579606
1153;1576;0.38572739527584554
1154;1576.5;0.3856105684254464
1155;1577;0.3854652009268215
1156;1577.5;0.3852931597143894
1157;1578;0.38509884895445784
1158;1578.5;0.3848866715133344
1159;1579;0.3846610307573266
1160;1579.5;0.3844263296527422
1161;1580;0.38418697126588874
1162;1580.5;0.3839473587630739
1163;1581;0.3837118951106052
1164;1581.5;0.3834846706416421
1165;1582;0.3832438155833412
1166;1582.5;0.3829839974572376
1167;1583;0.3827134367514779
1168;1583.5;0.3824391366542092
1169;1584;0.3821681002535784
1170;1584.5;0.3819073307377325
1171;1585;0.3816638313948183
1172;1585.5;0.3814446054129828
1173;1586;0.38125665588037294
1174;1586.5;0.3811069859851356
1175;1587;0.38098023132078607
1176;1587.5;0.3808543733156533
1177;1588;0.3807346991020574
1178;1588.5;0.3806250030805964
1179;1589;0.3805290799518681
1180;1589.5;0.3804507239164704
1181;1590;0.38039372957500106
1182;1590.5;0.3803618914280579
1183;1591;0.3803590037762389
1184;1591.5;0.3803888612201417
1185;1592;0.38044764102741735
1186;1592.5;0.38051577795267333
1187;1593;0.38059042109814684
1188;1593.5;0.3806698691105853
1189;1594;0.38075242053673625
1190;1594.5;0.380836374023347
1191;1595;0.3809200279171647
1192;1595.5;0.3810016809649369
1193;1596;0.381079631613411
1194;1596.5;0.3811521786093343
1195;1597;0.38121904522455674
1196;1597.5;0.38128628451073776
1197;1598;0.3813536459608441
1198;1598.5;0.3814202576576369
1199;1599;0.38148525648387716
1200;1599.5;0.3815477795223261
1201;1600;0.3816069635557448
1202;1600.5;0.38166194556689426
1203;1601;0.38171186253853573
1204;1601.5;0.38175585135343015
1205;1602;0.3817918377994731
1206;1602.5;0.38180457765607956
1207;1603;0.38179240568670764
1208;1603.5;0.38175871536436184
1209;1604;0.38170689566204685
1210;1604.5;0.38164033585276746
1211;1605;0.3815624249095284
1212;1605.5;0.38147655210533427
1213;1606;0.3813861063131898
1214;1606.5;0.3812944768060996
1215;1607;0.38120476095340516
1216;1607.5;0.38110283800615286
1217;1608;0.3809823228188034
1218;1608.5;0.38084557173090905
1219;1609;0.3806946622820215
1220;1609.5;0.3805316721116929
1221;1610;0.38035867895947545
1222;1610.5;0.38017776046492113
1223;1611;0.379990994167582
1224;1611.5;0.37980045780701
1225;1612;0.3796082290227572
1226;1612.5;0.37941007420997613
1227;1613;0.37919922710284903
1228;1613.5;0.3789763077865925
1229;1614;0.3787420783448985
1230;1614.5;0.3784973008614583
1231;1615;0.37824273741996384
1232;1615.5;0.3779791504041066
1233;1616;0.37770730169757827
1234;1616.5;0.37742795348407043
1235;1617;0.37714186794727494
1236;1617.5;0.3768459409380382
1237;1618;0.3765324070245615
1238;1618.5;0.37620340146156445
1239;1619;0.37586215102275183
1240;1619.5;0.3755118824818283
1241;1620;0.37515582261249886
1242;1620.5;0.37479719828846797
1243;1621;0.3744392363834407
1244;1621.5;0.3740851635711215
1245;1622;0.37373820662521545
1246;1622.5;0.3733974512514131
1247;1623;0.37304934132368917
1248;1623.5;0.3726963205259607
1249;1624;0.3723416194712394
1250;1624.5;0.37198846477253683
1251;1625;0.3716400828428649
1252;1625.5;0.3712997002952352
1253;1626;0.3709705438426593
1254;1626.5;0.3706558399981491
1255;1627;0.3703588153747162
1256;1627.5;0.370080624534718
1257;1628;0.36980459751308425
1258;1628.5;0.36952696925901796
1259;1629;0.369251392461038
1260;1629.5;0.3689816369076636
1261;1630;0.36872147238741354
1262;1630.5;0.36847466868880685
1263;1631;0.36824499570036257
1264;1631.5;0.36803622331059954
1265;1632;0.3678521212080369
1266;1632.5;0.3676956434932852
1267;1633;0.36754766781779946
1268;1633.5;0.3673951422201521
1269;1634;0.3672402634838625
1270;1634.5;0.36708600059245
1271;1635;0.3669353225294342
1272;1635.5;0.3667911984783343
1273;1636;0.3666565973226698
1274;1636.5;0.3665344881459601
1275;1637;0.36642784003172457
1276;1637.5;0.3663396024494629
1277;1638;0.3662643869122767
1278;1638.5;0.36619219565279304
1279;1639;0.36612275624800195
1280;1639.5;0.3660569970748933
1281;1640;0.365995846210457
1282;1640.5;0.365940231831683
1283;1641;0.3658910819155613
1284;1641.5;0.36584932483908184
1285;1642;0.3658158886792344
1286;1642.5;0.36579170141300915
1287;1643;0.3657809332821259
1288;1643.5;0.36578568013525603
1289;1644;0.36580301026763795
1290;1644.5;0.3658308924816174
1291;1645;0.3658672956795397
1292;1645.5;0.36591018876375053
1293;1646;0.36595754033659544
1294;1646.5;0.36600731940042
1295;1647;0.36605749475756966
1296;1647.5;0.36610603511038997
1297;1648;0.36615372896291165
1298;1648.5;0.36620375664426397
1299;1649;0.36625433550087577
1300;1649.5;0.36630601304228283
1301;1650;0.3663593368780205
1302;1650.5;0.36641485471762447
1303;1651;0.3664731140706303
1304;1651.5;0.36653466264657364
1305;1652;0.36660004805498997
1306;1652.5;0.3666698178054149
1307;1653;0.3667450671312202
1308;1653.5;0.36682594235365135
1309;1654;0.3669088987480812
1310;1654.5;0.36699443369243945
1311;1655;0.36708307066465523
1312;1655.5;0.36717533274265807
1313;1656;0.36727174320437717
1314;1656.5;0.36737282522774206
1315;1657;0.36747910219068214
1316;1657.5;0.3675910971711267
1317;1658;0.36770931755153347
1318;1658.5;0.3678313182305929
1319;1659;0.36795148998070903
1320;1659.5;0.36807120728621
1321;1660;0.3681921392314241
1322;1660.5;0.3683159552006795
1323;1661;0.3684443245783044
1324;1661.5;0.36857891644862695
1325;1662;0.3687214002959755
1326;1662.5;0.36887344530467825
1327;1663;0.36903665993873236
1328;1663.5;0.36920975301487113
1329;1664;0.36938713188550654
1330;1664.5;0.3695679147803717
1331;1665;0.36975178852919977
1332;1665.5;0.3699384400617237
1333;1666;0.37012755630767674
1334;1666.5;0.3703188241967919
1335;1667;0.3705119306588023
1336;1667.5;0.37070656262344104
1337;1668;0.37090240909343536
1338;1668.5;0.3710999112408669
1339;1669;0.3713015973919145
1340;1669.5;0.3715080368285627
1341;1670;0.37171931023279603
1342;1670.5;0.37193549838659906
1343;1671;0.3721566822719561
1344;1671.5;0.3723829424708517
1345;1672;0.3726143599652703
1346;1672.5;0.3728510153371965
1347;1673;0.3730929895686148
1348;1673.5;0.37334487432072405
1349;1674;0.37361202123675585
1350;1674.5;0.3738934775592463
1351;1675;0.3741884339956769
1352;1675.5;0.37449608095352954
1353;1676;0.3748156088402858
1354;1676.5;0.3751462082634273
1355;1677;0.37548706973043583
1356;1677.5;0.375837383548793
1357;1678;0.3761963403259804
1358;1678.5;0.3765726405874775
1359;1679;0.3769886896102535
1360;1679.5;0.3774428950358796
1361;1680;0.3779311605685135
1362;1680.5;0.3784493901123126
1363;1681;0.3789934875714345
1364;1681.5;0.3795593567500365
1365;1682;0.38014290165227627
1366;1682.5;0.3807400258823112
1367;1683;0.3813466335442987
1368;1683.5;0.38196966089529116
1369;1684;0.3826497816041655
1370;1684.5;0.3833885903007924
1371;1685;0.38418050869034587
1372;1685.5;0.38501995857800025
1373;1686;0.38590136166892985
1374;1686.5;0.3868191396683088
1375;1687;0.38776771448131114
1376;1687.5;0.3887415077131113
1377;1688;0.3897349412688833
1378;1688.5;0.39074939124712055
1379;1689;0.3918251880923573
1380;1689.5;0.3929644706934423
1381;1690;0.39416090875926535
1382;1690.5;0.39540817339871615
1383;1691;0.3966999354206844
1384;1691.5;0.3980298660340596
1385;1692;0.39939163614773143
1386;1692.5;0.40077891667058996
1387;1693;0.4021853788115246
1388;1693.5;0.40360775622745865
1389;1694;0.40507830095912195
1390;1694.5;0.4066006285750185
1391;1695;0.4081660080572703
1392;1695.5;0.4097656968879996
1393;1696;0.41139095224932853
1394;1696.5;0.413033031423379
1395;1697;0.4146831918922735
1396;1697.5;0.41633269073813406
1397;1698;0.41797278554308254
1398;1698.5;0.41959582791507694
1399;1699;0.4212270556106807
1400;1699.5;0.42286849342522254
1401;1700;0.4245140508533538
1402;1700.5;0.4261586769897258
1403;1701;0.42779732102899004
1404;1701.5;0.4294249319657976
1405;1702;0.43103645869479995
1406;1702.5;0.43262685051064836
1407;1703;0.43419105640799416
1408;1703.5;0.43572417387238593
1409;1704;0.4372537880109174
1410;1704.5;0.4387919300798281
1411;1705;0.44032644410803046
1412;1705.5;0.4418460035244375
1413;1706;0.4433392819579618
1414;1706.5;0.4447949529375161
1415;1707;0.44620169009201327
1416;1707.5;0.44754816685036614
1417;1708;0.44882305704148734
1418;1708.5;0.45001503399428955
1419;1709;0.4511597086648645
1420;1709.5;0.4523020826142433
1421;1710;0.4534262497609484
1422;1710.5;0.45451567493604034
1423;1711;0.4555538228705796
1424;1711.5;0.45652415849562666
1425;1712;0.4574101465422422
1426;1712.5;0.4581952520414864
1427;1713;0.45886293962442026
1428;1713.5;0.459396674322104
1429;1714;0.4598345452408906
1430;1714.5;0.4602685414421945
1431;1715;0.4606891667260863
1432;1715.5;0.46108369523407733
1433;1716;0.4614394013076792
1434;1716.5;0.4617435592884034
1435;1717;0.46198344321776136
1436;1717.5;0.4621463275372647
1437;1718;0.4622194864884248
1438;1718.5;0.46219019421275326
1439;1719;0.46206165544193184
1440;1719.5;0.46187066068354754
1441;1720;0.4616227221552422
1442;1720.5;0.46132468920650876
1443;1721;0.46098341088684014
1444;1721.5;0.4606057366457291
1445;1722;0.46019851553266855
1446;1722.5;0.4597685967971513
1447;1723;0.4593228296886703
1448;1723.5;0.45886806345671827
1449;1724;0.45840260893776713
1450;1724.5;0.4578937710977694
1451;1725;0.4573426332225897
1452;1725.5;0.4567596599919427
1453;1726;0.4561553185855434
1454;1726.5;0.45554007648310735
1455;1727;0.4549244008643491
1456;1727.5;0.45431875890898404
1457;1728;0.45373361809672713
1458;1728.5;0.4531794456072934
1459;1729;0.4526592619904914
1460;1729.5;0.45213290773501347
1461;1730;0.45159887255311926
1462;1730.5;0.4510663772182942
1463;1731;0.45054466850402386
1464;1731.5;0.45004299338379355
1465;1732;0.4495705986310886
1466;1732.5;0.4491367310193947
1467;1733;0.44875063752219724
1468;1733.5;0.4484215649129816
1469;1734;0.4481554946369684
1470;1734.5;0.4479251193427992
1471;1735;0.44772435669684424
1472;1735.5;0.44755663401419704
1473;1736;0.4474254131099512
1474;1736.5;0.44733415589920045
1475;1737;0.4472863240970385
1476;1737.5;0.44728537961855885
1477;1738;0.4473347843788552
1478;1738.5;0.44743800019302127
1479;1739;0.4475984188583789
1480;1739.5;0.4478153237050086
1481;1740;0.4480822660046152
1482;1740.5;0.44839160028985814
1483;1741;0.4487356088933977
1484;1741.5;0.4491065736478933
1485;1742;0.4494967764860049
1486;1742.5;0.44989849974039214
1487;1743;0.450304025043715
1488;1743.5;0.450705634728633
1489;1744;0.4510966300649857
1490;1744.5;0.4515116126404484
1491;1745;0.4519629504937807
1492;1745.5;0.45243845723878157
1493;1746;0.4529257731892504
1494;1746.5;0.45341253835898654
1495;1747;0.453886392761789
1496;1747.5;0.4543349765114574
1497;1748;0.4547459296217907
1498;1748.5;0.4551068921065885
1499;1749;0.45540558797838926
1500;1749.5;0.4556465492757389
1501;1750;0.4558414557528213
1502;1750.5;0.4559918218392892
1503;1751;0.45609871016479486
1504;1751.5;0.4561631834589911
1505;1752;0.4561863043515305
1506;1752.5;0.4561691355720656
1507;1753;0.45611273985024886
1508;1753.5;0.4560181799157329
1509;1754;0.45588651839817035
1510;1754.5;0.4556990017735295
1511;1755;0.4554422516391961
1512;1755.5;0.4551246371711401
1513;1756;0.45475421050995923
1514;1756.5;0.4543390242962511
1515;1757;0.4538871305706132
1516;1757.5;0.4534065818736435
1517;1758;0.4529054303459395
1518;1758.5;0.45239172852809884
1519;1759;0.45187352866071906
1520;1759.5;0.45133693953185705
1521;1760;0.45075793838095884
1522;1760.5;0.4501422685742858
1523;1761;0.44949609274721813
1524;1761.5;0.44882557333513623
1525;1762;0.44813687297342036
1526;1762.5;0.4474361540974508
1527;1763;0.44672957934260776
1528;1763.5;0.4460233112442718
1529;1764;0.44532351223782296
1530;1764.5;0.44462288906920094
1531;1765;0.4439032948349747
1532;1765.5;0.44316957856508116
1533;1766;0.44242676648018053
1534;1766.5;0.44167988470093267
1535;1767;0.4409339593479979
1536;1767.5;0.4401940167420362
1537;1768;0.4394650829037074
1538;1768.5;0.4387521840536719
1539;1769;0.4380603463125894
1540;1769.5;0.4373848642735158
1541;1770;0.43670657369366966
1542;1770.5;0.4360283360169458
1543;1771;0.4353547713040509
1544;1771.5;0.43469049991569253
1545;1772;0.4340401420125778
1546;1772.5;0.43340831775541383
1547;1773;0.4327996474049076
1548;1773.5;0.43221875122176634
1549;1774;0.43167024946669735
1550;1774.5;0.4311505404798388
1551;1775;0.43063600495903653
1552;1775.5;0.43012646069974736
1553;1776;0.42962660031628613
1554;1776.5;0.42914111672296806
1555;1777;0.4286747026341084
1556;1777.5;0.428232050864022
1557;1778;0.427817854227024
1558;1778.5;0.42743680553742935
1559;1779;0.4270935975095534
1560;1779.5;0.42678656593508724
1561;1780;0.4264940845139287
1562;1780.5;0.42621275720287494
1563;1781;0.42594307808307724
1564;1781.5;0.4256855409356873
1565;1782;0.42544063994185627
1566;1782.5;0.4252088687827357
1567;1783;0.42499072153947715
1568;1783.5;0.424786692193232
1569;1784;0.42459727462515157
1570;1784.5;0.4244213486537519
1571;1785;0.42425212348190133
1572;1785.5;0.424088454730844
1573;1786;0.4239292276313467
1574;1786.5;0.42377332421417613
1575;1787;0.42361962671009856
1576;1787.5;0.42346701704988077
1577;1788;0.42331437736428956
1578;1788.5;0.4231605898840912
1579;1789;0.4230045365400524
1580;1789.5;0.4228455510188377
1581;1790;0.42268555157208165
1582;1790.5;0.4225251890518108
1583;1791;0.42236485018368397
1584;1791.5;0.42220492269336
1585;1792;0.4220457947064977
1586;1792.5;0.42188785414875607
1587;1793;0.42173148874579364
1588;1793.5;0.42157708672326955
1589;1794;0.42142503580684226
1590;1794.5;0.42127531049193634
1591;1795;0.42112553070611103
1592;1795.5;0.42097558497074494
1593;1796;0.42082614820436354
1594;1796.5;0.420677899725492
1595;1797;0.42053151905265596
1596;1797.5;0.42038768560438067
1597;1798;0.42024707879919143
1598;1798.5;0.4201103780556138
1599;1799;0.41997826279217315
1600;1799.5;0.4198514340966163
1601;1800;0.41972956662371264
1602;1800.5;0.4196107394111469
1603;1801;0.4194947026032777
1604;1801.5;0.41938126704446443
1605;1802;0.4192702431790661
1606;1802.5;0.4191614417514417
1607;1803;0.4190546733059506
1608;1803.5;0.41894974838695165
1609;1804;0.41884647763880417
1610;1804.5;0.4187450932542848
1611;1805;0.4186492571924987
1612;1805.5;0.41855932809709084
1613;1806;0.4184735084760821
1614;1806.5;0.41838995703749304
1615;1807;0.4183068322893444
1616;1807.5;0.41822229293965674
1617;1808;0.4181344974964506
1618;1808.5;0.41804160466774665
1619;1809;0.41794177296156576
1620;1809.5;0.4178330471921761
1621;1810;0.41771417414350154
1622;1810.5;0.4175884715206366
1623;1811;0.4174572980849013
1624;1811.5;0.41732184499761604
1625;1812;0.41718330332010095
1626;1812.5;0.41704286401367635
1627;1813;0.41690171823966227
1628;1813.5;0.41676105705937905
1629;1814;0.41662207143414687
1630;1814.5;0.41648524238968615
1631;1815;0.41634448891273895
1632;1815.5;0.4162001957322673
1633;1816;0.416054171343123
1634;1816.5;0.41590817634015786
1635;1817;0.41576397151822375
1636;1817.5;0.41562331767217237
1637;1818;0.4154879753968558
1638;1818.5;0.41535970548712564
1639;1819;0.4152402687378337
1640;1819.5;0.4151309083824759
1641;1820;0.415024731318063
1642;1820.5;0.41491471356965803
1643;1821;0.4148018023523303
1644;1821.5;0.41468743568114946
1645;1822;0.4145730513711852
1646;1822.5;0.4144600874375072
1647;1823;0.4143499818951845
1648;1823.5;0.4142441724592871
1649;1824;0.4141440972448846
1650;1824.5;0.41405115670630915
1651;1825;0.41396494215161483
1652;1825.5;0.4138809458415554
1653;1826;0.41379881572362043
1654;1826.5;0.41371863674530046
1655;1827;0.4136404941540853
1656;1827.5;0.41356447299746496
1657;1828;0.4134906585229293
1658;1828.5;0.4134191355779688
1659;1829;0.413349989510073
1660;1829.5;0.41328339288683047
1661;1830;0.41322073837635653
1662;1830.5;0.4131630876744058
1663;1831;0.41310923038019015
1664;1831.5;0.41305778139292154
1665;1832;0.4130073555118116
1666;1832.5;0.4129565678360726
1667;1833;0.412904032964916
1668;1833.5;0.4128483658975541
1669;1834;0.41278818153319846
1670;1834.5;0.41272221892712835
1671;1835;0.41264898363341657
1672;1835.5;0.4125624438964433
1673;1836;0.4124645448249248
1674;1836.5;0.4123580151275771
1675;1837;0.4122455837131166
1676;1837.5;0.4121299795902592
1677;1838;0.4120139315677214
1678;1838.5;0.41190016845421945
1679;1839;0.4117914192584692
1680;1839.5;0.4116903634980461
1681;1840;0.4115969544408166
1682;1840.5;0.41150431400629134
1683;1841;0.4114114107271508
1684;1841.5;0.4113179143360764
1685;1842;0.4112234944657488
1686;1842.5;0.41112782064884934
1687;1843;0.4110305627180589
1688;1843.5;0.41093139010605856
1689;1844;0.41082997264552923
1690;1844.5;0.4107257498527215
1691;1845;0.41061619076371436
1692;1845.5;0.410501536169854
1693;1846;0.41038295954024473
1694;1846.5;0.4102616352439908
1695;1847;0.4101387374501962
1696;1847.5;0.41001544072796553
1697;1848;0.40989291934640254
1698;1848.5;0.409772347574612
1699;1849;0.4096548999816978
1700;1849.5;0.40954149495640435
1701;1850;0.4094312495295374
1702;1850.5;0.4093260150521629
1703;1851;0.4092249466920765
1704;1851.5;0.4091269214170744
1705;1852;0.4090308159949522
1706;1852.5;0.4089355071935062
1707;1853;0.4088398720805319
1708;1853.5;0.4087427873238253
1709;1854;0.4086431298911822
1710;1854.5;0.4085393698302863
1711;1855;0.40842638720352864
1712;1855.5;0.40830196706471467
1713;1856;0.4081694861998623
1714;1856.5;0.40803264299498937
1715;1857;0.40789513603611355
1716;1857.5;0.4077606637092529
1717;1858;0.4076329245004251
1718;1858.5;0.40751561709564826
1719;1859;0.4074124397809399
1720;1859.5;0.40732641337208814
1721;1860;0.40725319048072234
1722;1860.5;0.407185225512017
1723;1861;0.4071219728444876
1724;1861.5;0.4070633944566497
1725;1862;0.4070094519270187
1726;1862.5;0.4069601070341101
1727;1863;0.40691532155643956
1728;1863.5;0.40687505727252243
1729;1864;0.4068392759608743
1730;1864.5;0.40680897960500867
1731;1865;0.4067903218081379
1732;1865.5;0.4067837272821997
1733;1866;0.4067877691133064
1734;1866.5;0.40680097868757026
1735;1867;0.4068218874911033
1736;1867.5;0.40684902661001815
1737;1868;0.4068809275304267
1738;1868.5;0.4069161215384417
1739;1869;0.40695314002017485
1740;1869.5;0.4069963108024453
1741;1870;0.40707155923827587
1742;1870.5;0.4071763003276995
1743;1871;0.40730623112178777
1744;1871.5;0.40745716267161186
1745;1872;0.40762490582824357
1746;1872.5;0.40780527164275415
1747;1873;0.4079940711662154
1748;1873.5;0.4081871154496984
1749;1874;0.40838021534427493
1750;1874.5;0.40857675197192334
1751;1875;0.40880429885754843
1752;1875.5;0.40906229395920307
1753;1876;0.4093476499997474
1754;1876.5;0.40965731580204184
1755;1877;0.40998824018894686
1756;1877.5;0.41033737208332255
1757;1878;0.4107016603080297
1758;1878.5;0.41107805378592815
1759;1879;0.4114635013398786
1760;1879.5;0.4118637399222413
1761;1880;0.41230411718307736
1762;1880.5;0.41278236302256827
1763;1881;0.4132945059380546
1764;1881.5;0.41383658542687735
1765;1882;0.41440464128637683
1766;1882.5;0.41499471311389413
1767;1883;0.4156028406067698
1768;1883.5;0.4162250633623444
1769;1884;0.4168574211779588
1770;1884.5;0.41750545104335324
1771;1885;0.41818920365205087
1772;1885.5;0.418904115130743
1773;1886;0.4196444835333716
1774;1886.5;0.4204046092138788
1775;1887;0.4211787925262067
1776;1887.5;0.42196133382429746
1777;1888;0.42274653356209313
1778;1888.5;0.4235286919935358
1779;1889;0.4243021097725677
1780;1889.5;0.4250710686336127
1781;1890;0.42585089063913184
1782;1890.5;0.42663850044500073
1783;1891;0.42743055570616634
1784;1891.5;0.42822371487757566
1785;1892;0.4290146359141757
1786;1892.5;0.42979997697091343
1787;1893;0.4305763964027358
1788;1893.5;0.43134055226458995
1789;1894;0.43208910281142254
1790;1894.5;0.4328223340410874
1791;1895;0.43354566277676804
1792;1895.5;0.43426070099822445
1793;1896;0.43496861594631
1794;1896.5;0.4356705745618779
1795;1897;0.43636774398578143
1796;1897.5;0.43706129135887367
1797;1898;0.4377523837220081
1798;1898.5;0.4384421881160379
1799;1899;0.43913187178181606
1800;1899.5;0.43981809020506973
1801;1900;0.4404963700537679
1802;1900.5;0.4411680274199189
1803;1901;0.44183512524834273
1804;1901.5;0.44249972638385904
1805;1902;0.4431638935712877
1806;1902.5;0.44382968965544867
1807;1903;0.44449917758116175
1808;1903.5;0.4451744200932466
1809;1904;0.4458574644084122
1810;1904.5;0.4465475970344467
1811;1905;0.4472444395238159
1812;1905.5;0.44794761103258407
1813;1906;0.4486560810168159
1814;1906.5;0.4493688190325754
1815;1907;0.45008479463592704
1816;1907.5;0.4508029772829352
1817;1908;0.45152233662966434
1818;1908.5;0.45224184213217844
1819;1909;0.45296048785047915
1820;1909.5;0.453677883207276
1821;1910;0.45439208682949384
1822;1910.5;0.4551035623591817
1823;1911;0.4558136156383883
1824;1911.5;0.45652355230916253
1825;1912;0.4572346782135533
1826;1912.5;0.45794829899360945
1827;1913;0.4586657206913797
1828;1913.5;0.45938824874891304
1829;1914;0.4601172161369349
1830;1914.5;0.460853954294664
1831;1915;0.46159389561955627
1832;1915.5;0.46233598388526903
1833;1916;0.46308067436545974
1834;1916.5;0.4638284222337858
1835;1917;0.46457968266390476
1836;1917.5;0.46533491082947387
1837;1918;0.46609456190415066
1838;1918.5;0.46685909106159257
1839;1919;0.46762943488131414
1840;1919.5;0.4684089628570411
1841;1920;0.46919554004105424
1842;1920.5;0.4699868520521183
1843;1921;0.470780773708998
1844;1921.5;0.4715751802304581
1845;1922;0.47236794633526324
1846;1922.5;0.4731569470421781
1847;1923;0.4739400574699674
1848;1923.5;0.474715152337396
1849;1924;0.4754817593783354
1850;1924.5;0.47624609524035993
1851;1925;0.47700845053374535
1852;1925.5;0.4777676620694229
1853;1926;0.4785225089583237
1854;1926.5;0.479271770011379
1855;1927;0.48001422423952
1856;1927.5;0.48074865055367794
1857;1928;0.4814738279647838
1858;1928.5;0.48218853538376927
1859;1929;0.4828942467185362
1860;1929.5;0.48359674103134187
1861;1930;0.4842934731004478
1862;1930.5;0.4849825060651507
1863;1931;0.48566196476474766
1864;1931.5;0.48632997423853563
1865;1932;0.4869846592258119
1866;1932.5;0.4876241448658732
1867;1933;0.4882465557980168
1868;1933.5;0.48885001706153935
1869;1934;0.4894408126145672
1870;1934.5;0.49002903956529076
1871;1935;0.4906091204157601
1872;1935.5;0.4911773511122224
1873;1936;0.49173006680092507
1874;1936.5;0.4922636021281156
1875;1937;0.492774292140041
1876;1937.5;0.49325847158294883
1877;1938;0.4937124754030863
1878;1938.5;0.49413263855413503
1879;1939;0.4945363222010374
1880;1939.5;0.4949392900477335
1881;1940;0.49533513991175687
1882;1940.5;0.49571784701064125
1883;1941;0.4960813869619202
1884;1941.5;0.4964197352831274
1885;1942;0.4967268673917964
1886;1942.5;0.4969967588054609
1887;1943;0.49722338524165455
1888;1943.5;0.49740145160246135
1889;1944;0.49755992350323436
1890;1944.5;0.49771330823305604
1891;1945;0.4978578255341124
1892;1945.5;0.49798979664858906
1893;1946;0.4981055426186721
1894;1946.5;0.4982013843865472
1895;1947;0.4982736431944003
1896;1947.5;0.4983186398844174
1897;1948;0.498332695698784
1898;1948.5;0.49831288584570366
1899;1949;0.49826697707456286
1900;1949.5;0.4981980964873058
1901;1950;0.49810797222956626
1902;1950.5;0.4979990325469781
1903;1951;0.4978737053851753
1904;1951.5;0.49773441908979166
1905;1952;0.49758360170646104
1906;1952.5;0.4974236814808172
1907;1953;0.49725708645849415
1908;1953.5;0.4970823789478317
1909;1954;0.49688092626325203
1910;1954.5;0.49665326452977715
1911;1955;0.49640307244033843
1912;1955.5;0.4961340258878675
1913;1956;0.49584980016529556
1914;1956.5;0.49555407116555406
1915;1957;0.4952505143815745
1916;1957.5;0.49494280540628816
1917;1958;0.49463461993262675
1918;1958.5;0.4943245116046091
1919;1959;0.4940003154720506
1920;1959.5;0.49366286330895515
1921;1960;0.4933137308986071
1922;1960.5;0.4929544580242908
1923;1961;0.49258658406929035
1924;1961.5;0.4922116484168904
1925;1962;0.49183119065037495
1926;1962.5;0.49144675025302853
1927;1963;0.4910598666081352
1928;1963.5;0.49066708722445107
1929;1964;0.4902599988111362
1930;1964.5;0.4898348585668707
1931;1965;0.4893957668010308
1932;1965.5;0.488947110622993
1933;1966;0.48849327764213407
1934;1966.5;0.4880386551678303
1935;1967;0.4875876305094584
1936;1967.5;0.4871445911763949
1937;1968;0.48671388793951176
1938;1968.5;0.48629552747398874
1939;1969;0.4858844605844796
1940;1969.5;0.48547602285510677
1941;1970;0.48507044186999265
1942;1970.5;0.4846679553132601
1943;1971;0.48426880046903165
1944;1971.5;0.4838732150214299
1945;1972;0.4834814362545773
1946;1972.5;0.4830937017525964
1947;1973;0.4827101095226879
1948;1973.5;0.48232943183753185
1949;1974;0.48195229274749024
1950;1974.5;0.4815790554135523
1951;1975;0.4812099772967072
1952;1975.5;0.48084531595794466
1953;1976;0.4804853289582538
1954;1976.5;0.48013027375862405
1955;1977;0.47978040792004484
1956;1977.5;0.47943598890350553
1957;1978;0.479095648816783
1958;1978.5;0.4787518011090127
1959;1979;0.47840553759835647
1960;1979.5;0.4780599115532532
1961;1980;0.47771793454214195
1962;1980.5;0.47738261773346186
1963;1981;0.4770569724956518
1964;1981.5;0.47674401019715085
1965;1982;0.47644674200639797
1966;1982.5;0.47616817939183226
1967;1983;0.4759055770201367
1968;1983.5;0.4756494992698349
1969;1984;0.4754021892619754
1970;1984.5;0.4751657143093837
1971;1985;0.47494214362488557
1972;1985.5;0.4747335465213062
1973;1986;0.47454199211147136
1974;1986.5;0.47436954960820665
1975;1987;0.47421828842433766
1976;1987.5;0.4740902761474695
1977;1988;0.47398227081290073
1978;1988.5;0.4738892238999185
1979;1989;0.47381128119626703
1980;1989.5;0.4737484791896912
1981;1990;0.47370083066793517
1982;1990.5;0.47366834841874345
1983;1991;0.47365104512986056
1984;1991.5;0.47364893378903083
1985;1992;0.47366202698399873
1986;1992.5;0.4736915762128923
1987;1993;0.473760590621214
1988;1993.5;0.4738742595186781
1989;1994;0.47402729379998787
1990;1994.5;0.47421471565984685
1991;1995;0.4744315473929581
1992;1995.5;0.47467281119402527
1993;1996;0.47493352945775164
1994;1996.5;0.4752087243788405
1995;1997;0.47549341835199527
1996;1997.5;0.4757913774888056
1997;1998;0.4761431228954013
1998;1998.5;0.47654730421780495
1999;1999;0.47699622141901565
2000;1999.5;0.47748227726203263
2001;2000;0.47799787480985484
2002;2000.5;0.4785354171254815
2003;2001;0.4790873068719117
2004;2001.5;0.47964594731214466
2005;2002;0.4802037412091794
2006;2002.5;0.480771037294894
2007;2003;0.48137712392255666
2008;2003.5;0.482013208786361
2009;2004;0.48266992485865934
2010;2004.5;0.4833381404118041
2011;2005;0.4840087236181477
2012;2005.5;0.484672542850042
2013;2006;0.4853204661798399
2014;2006.5;0.4859433620798934
2015;2007;0.4865322308547978
2016;2007.5;0.487105187592884
2017;2008;0.4876765035847117
2018;2008.5;0.4882416867980603
2019;2009;0.48879573820070926
2020;2009.5;0.4893336218604384
2021;2010;0.48985030144502717
2022;2010.5;0.4903407411222552
2023;2011;0.490799904659902
2024;2011.5;0.49122275612574723
2025;2012;0.49160613100630696
2026;2012.5;0.4919674546837361
2027;2013;0.4923108155578488
2028;2013.5;0.49263508664381417
2029;2014;0.4929413975568012
2030;2014.5;0.4932308796119792
2031;2015;0.49350466432451706
2032;2015.5;0.4937638831095838
2033;2016;0.4940096672823485
2034;2016.5;0.49424314845798045
2035;2017;0.4944632973825815
2036;2017.5;0.49466573119063295
2037;2018;0.49485254886808977
2038;2018.5;0.49502753840915953
2039;2019;0.4951953688080497
2040;2019.5;0.4953607092589677
2041;2020;0.4955282288561211
2042;2020.5;0.49570259659371735
2043;2021;0.4958884817659639
2044;2021.5;0.49609055326706814
2045;2022;0.4963100756555037
2046;2022.5;0.4965444308730804
2047;2023;0.4967912296168203
2048;2023.5;0.4970505412238567
2049;2024;0.4973228687313228
2050;2024.5;0.49760871497635223
2051;2025;0.497908582596078
2052;2025.5;0.4982229745276334
2053;2026;0.4985523937081518
2054;2026.5;0.49889962598588317
2055;2027;0.4993033057962545
2056;2027.5;0.4997725763531998
2057;2028;0.5003001980648822
2058;2028.5;0.5008802416394648
2059;2029;0.5015068279851106
2060;2029.5;0.5021740783099828
2061;2030;0.5028761136222444
2062;2030.5;0.5036070548300583
2063;2031;0.5043610231415878
2064;2031.5;0.5051500692536851
2065;2032;0.5060366687859049
2066;2032.5;0.5070183110375747
2067;2033;0.5080846118527118
2068;2033.5;0.5092241459753326
2069;2034;0.5104254880494545
2070;2034.5;0.5116772128190942
2071;2035;0.5129678947282684
2072;2035.5;0.5142861087209947
2073;2036;0.5156204292412896
2074;2036.5;0.5169978045436224
2075;2037;0.5184514386499881
2076;2037.5;0.5199625516977922
2077;2038;0.5215183716970666
2078;2038.5;0.523107749157844
2079;2039;0.5247195346901565
2080;2039.5;0.5263425788040369
2081;2040;0.5279657321095168
2082;2040.5;0.5295778451166294
2083;2041;0.5311734248854014
2084;2041.5;0.5328294730178837
2085;2042;0.534554432542003
2086;2042.5;0.5363206423039498
2087;2043;0.5380985369499143
2088;2043.5;0.5398585154260872
2089;2044;0.5415709769786587
2090;2044.5;0.5432063205538198
2091;2045;0.54473494529776
2092;2045.5;0.5461272501566705
2093;2046;0.5473857518863098
2094;2046.5;0.5485941635978989
2095;2047;0.5497425881488925
2096;2047.5;0.55081458494352
2097;2048;0.5517922653860106
2098;2048.5;0.552657740780594
2099;2049;0.5533931228314998
2100;2049.5;0.5539805226429572
2101;2050;0.5544020519191954
2102;2050.5;0.554639810874858
2103;2051;0.5546517429080713
2104;2051.5;0.5544262947013208
2105;2052;0.55398486398554
2106;2052.5;0.5533493322916617
2107;2053;0.5525421724506193
2108;2053.5;0.5515858569933458
2109;2054;0.5505028586507745
2110;2054.5;0.5493156501538384
2111;2055;0.5480467041334707
2112;2055.5;0.5466983983345768
2113;2056;0.5451114313559674
2114;2056.5;0.543283233246542
2115;2057;0.5412606879989403
2116;2057.5;0.539089525105802
2117;2058;0.5368153802597662
2118;2058.5;0.5344838893534725
2119;2059;0.5321406881795603
2120;2059.5;0.5298314126306691
2121;2060;0.5276016984994387
2122;2060.5;0.5254260557553745
2123;2061;0.523184614482546
2124;2061.5;0.5208969151420628
2125;2062;0.5185878385169745
2126;2062.5;0.516282797290331
2127;2063;0.5140072041451818
2128;2063.5;0.5117864720645771
2129;2064;0.5096460137315663
2130;2064.5;0.5076112420291989
2131;2065;0.5057052493236676
2132;2065.5;0.5038605604253483
2133;2066;0.5020466339563391
2134;2066.5;0.5002774465415025
2135;2067;0.4985677972057013
2136;2067.5;0.4969327250737984
2137;2068;0.4953872693706562
2138;2068.5;0.4939464689211377
2139;2069;0.49262536295010567
2140;2069.5;0.4914389905824225
2141;2070;0.4903749200613869
2142;2070.5;0.4893315196991521
2143;2071;0.48830950939667056
2144;2071.5;0.4873219693671255
2145;2072;0.4863841211237007
2146;2072.5;0.48551125917957927
2147;2073;0.484718677547945
2148;2073.5;0.4840216705419813
2149;2074;0.4834355323748715
2150;2074.5;0.4829755487294302
2151;2075;0.4825803009009239
2152;2075.5;0.4821876233465792
2153;2076;0.48180665682370183
2154;2076.5;0.4814455246895979
2155;2077;0.481112138301573
2156;2077.5;0.48081440901693345
2157;2078;0.4805602479929848
2158;2078.5;0.4803575666870331
2159;2079;0.4802142762563843
2160;2079.5;0.48013101480829007
2161;2080;0.4800577637697039
2162;2080.5;0.4799842638451855
2163;2081;0.4799099971467159
2164;2081.5;0.47983938118627645
2165;2082;0.4797774233758484
2166;2082.5;0.4797291310274129
2167;2083;0.4796995115529512
2168;2083.5;0.4796935721644445
2169;2084;0.4797163203738739
2170;2084.5;0.4797677934985102
2171;2085;0.47984272857023386
2172;2085.5;0.4799362630220932
2173;2086;0.48004096657639106
2174;2086.5;0.4801550284554308
2175;2087;0.4802766500815154
2176;2087.5;0.480404032776948
2177;2088;0.4805353776640314
2178;2088.5;0.48066888606506897
2179;2089;0.4808030973713449
2180;2089.5;0.48094125280721156
2181;2090;0.4810850059806807
2182;2090.5;0.4812350922211535
2183;2091;0.48139167645803094
2184;2091.5;0.4815547770207143
2185;2092;0.4817244119386047
2186;2092.5;0.48190059974110344
2187;2093;0.48208335865761154
2188;2093.5;0.48227270681753015
2189;2094;0.4824737220464154
2190;2094.5;0.4826953428623411
2191;2095;0.48293526963480043
2192;2095.5;0.48319170202755385
2193;2096;0.4834625163043619
2194;2096.5;0.4837455695289846
2195;2097;0.484038718765183
2196;2097.5;0.48433982107671697
2197;2098;0.48464673362734717
2198;2098.5;0.4849581197497269
2199;2099;0.4852872615233837
2200;2099.5;0.4856383197786311
2201;2100;0.486010588394086
2202;2100.5;0.48640195924836505
2203;2101;0.486809640120085
2204;2101.5;0.4872308391878624
2205;2102;0.48766276433031425
2206;2102.5;0.4881026236260569
2207;2103;0.48854762515370725
2208;2103.5;0.48900011835534746
2209;2104;0.48946963231807095
2210;2104.5;0.48995183139066845
2211;2105;0.4904383450805323
2212;2105.5;0.49092915239505563
2213;2106;0.491424882041631
2214;2106.5;0.4919261629276511
2215;2107;0.4924336238605088
2216;2107.5;0.49294789354759666
2217;2108;0.493470027206116
2218;2108.5;0.4940100167124588
2219;2109;0.49457282116300927
2220;2109.5;0.4951545676392022
2221;2110;0.4957510518224722
2222;2110.5;0.49636079789425436
2223;2111;0.49698232983598317
2224;2111.5;0.4976141718290938
2225;2112;0.4982548477550207
2226;2112.5;0.4989028817951988
2227;2113;0.49956057134445747
2228;2113.5;0.5002345522711996
2229;2114;0.5009225275909877
2230;2114.5;0.501622827977265
2231;2115;0.5023326387034744
2232;2115.5;0.5030489829430594
2233;2116;0.5037688841694629
2234;2116.5;0.5044893655561277
2235;2117;0.5052074505764972
2236;2117.5;0.5059213306778362
2237;2118;0.5066477550248625
2238;2118.5;0.5073877186378141
2239;2119;0.5081331670734315
2240;2119.5;0.5088770135884555
2241;2120;0.5096133920396266
2242;2120.5;0.5103364359836858
2243;2121;0.5110402792773735
2244;2121.5;0.5117190556774306
2245;2122;0.5123668989405976
2246;2122.5;0.5129884126874652
2247;2123;0.513600970888081
2248;2123.5;0.5142035015589225
2249;2124;0.5147926530162836
2250;2124.5;0.515365613176458
2251;2125;0.5159197484557394
2252;2125.5;0.5164524252704215
2253;2126;0.516961009836798
2254;2126.5;0.5174428684711627
2255;2127;0.5178969512073508
2256;2127.5;0.5183388631926065
2257;2128;0.5187707479982795
2258;2128.5;0.5191902806434188
2259;2129;0.5195953298470735
2260;2129.5;0.5199831183282925
2261;2130;0.5203508686061245
2262;2130.5;0.5206958035996189
2263;2131;0.5210151457278244
2264;2131.5;0.5213061178097902
2265;2132;0.5215740034546952
2266;2132.5;0.5218296471194982
2267;2133;0.5220740911822215
2268;2133.5;0.5223085322424537
2269;2134;0.522533821399783
2270;2134.5;0.5227507555537982
2271;2135;0.5229601315040876
2272;2135.5;0.5231627462502394
2273;2136;0.5233593966918424
2274;2136.5;0.5235500463096189
2275;2137;0.5237304540018035
2276;2137.5;0.5239017151465555
2277;2138;0.5240651190072405
2278;2138.5;0.5242226688472235
2279;2139;0.5243773841298702
2280;2139.5;0.5245322842185464
2281;2140;0.5246903883766173
2282;2140.5;0.5248547158674485
2283;2141;0.5250282718457291
2284;2141.5;0.525208378091998
2285;2142;0.5253931262530529
2286;2142.5;0.5255849881315905
2287;2143;0.5257854265303079
2288;2143.5;0.5259958069519023
2289;2144;0.5262175401990705
2290;2144.5;0.5264520368745095
2291;2145;0.5267007075809165
2292;2145.5;0.5269649629209885
2293;2146;0.5272526282791399
2294;2146.5;0.5275846299292218
2295;2147;0.5279575883757225
2296;2147.5;0.5283678892486136
2297;2148;0.5288111704778672
2298;2148.5;0.5292817489934549
2299;2149;0.5297739415253486
2300;2149.5;0.5302820647035204
2301;2150;0.5308004352579418
2302;2150.5;0.5313246283099954
2303;2151;0.5318775923522658
2304;2151.5;0.5324654485799476
2305;2152;0.5330802950537336
2306;2152.5;0.5337110068343168
2307;2153;0.5343549440823905
2308;2153.5;0.5350101175586474
2309;2154;0.5356745377237804
2310;2154.5;0.5363462153384828
2311;2155;0.5370231608634476
2312;2155.5;0.5377148766513694
2313;2156;0.5384391432514434
2314;2156.5;0.5391950086230652
2315;2157;0.5399776580125044
2316;2157.5;0.54077998816603
2317;2158;0.5415953929299111
2318;2158.5;0.5424172663504168
2319;2159;0.5432390023738164
2320;2159.5;0.5440539948463792
2321;2160;0.5448583868176039
2322;2160.5;0.5456635195133763
2323;2161;0.5464672012758406
2324;2161.5;0.5472649965252632
2325;2162;0.5480555906819106
2326;2162.5;0.5488380362660491
2327;2163;0.5496113624979448
2328;2163.5;0.5503745989978646
2329;2164;0.5511267749860745
2330;2164.5;0.551867027406032
2331;2165;0.5526030809448994
2332;2165.5;0.5533407019607912
2333;2166;0.5540806682844615
2334;2166.5;0.5548226487466639
2335;2167;0.5555637087781526
2336;2167.5;0.5563006074096812
2337;2168;0.5570301034720038
2338;2168.5;0.557748955995874
2339;2169;0.558453923812046
2340;2169.5;0.559145594477271
2341;2170;0.5598285261793073
2342;2170.5;0.5604983939036918
2343;2171;0.5611526789989506
2344;2171.5;0.5617906900136102
2345;2172;0.5624101599961964
2346;2172.5;0.5630088198952363
2347;2173;0.5635844008592557
2348;2173.5;0.5641346338367814
2349;2174;0.5646591253455604
2350;2174.5;0.5651700714391796
2351;2175;0.565668390902187
2352;2175.5;0.5661508085172222
2353;2176;0.5666104876669247
2354;2176.5;0.5670461444339343
2355;2177;0.5674571940008911
2356;2177.5;0.5678430518504343
2357;2178;0.5682031331652037
2358;2178.5;0.5685371294097987
2359;2179;0.5688673183828736
2360;2179.5;0.5692034847015426
2361;2180;0.5695389936798613
2362;2180.5;0.569862994331886
2363;2181;0.5701653954716729
2364;2181.5;0.5704378431132777
2365;2182;0.5706719833707568
2366;2182.5;0.5708594621581657
2367;2183;0.5709919256895608
2368;2183.5;0.5710840161273595
2369;2184;0.5711747145707358
2370;2184.5;0.5712588579915886
2371;2185;0.5713298859205251
2372;2185.5;0.5713811995881526
2373;2186;0.5714064117250783
2374;2186.5;0.5713991397619097
2375;2187;0.571353001229254
2376;2187.5;0.5712616136577185
2377;2188;0.5711243215582034
2378;2188.5;0.5709705719040497
2379;2189;0.570806143074245
2380;2189.5;0.570631654805448
2381;2190;0.570447059834317
2382;2190.5;0.5702531297975104
2383;2191;0.5700508114316867
2384;2191.5;0.569841051673504
2385;2192;0.5696247971596211
2386;2192.5;0.5694027112132528
2387;2193;0.569168831191823
2388;2193.5;0.5689231796617544
2389;2194;0.5686694615448366
2390;2194.5;0.5684126191628585
2391;2195;0.5681561064376098
2392;2195.5;0.5679021987908801
2393;2196;0.5676531715444586
2394;2196.5;0.5674113001201346
2395;2197;0.5671788598396978
2396;2197.5;0.5669532479202875
2397;2198;0.5667279717961383
2398;2198.5;0.566500726530077
2399;2199;0.5662681632268887
2400;2199.5;0.5660276059913582
2401;2200;0.5657802520282711
2402;2200.5;0.5655274052424123
2403;2201;0.5652703701385671
2404;2201.5;0.5650104507215203
2405;2202;0.5647503648161691
2406;2202.5;0.5644953778837138
2407;2203;0.5642466064491365
2408;2203.5;0.5640036645111544
2409;2204;0.5637582190684851
2410;2204.5;0.5635077510198461
2411;2205;0.5632512985639545
2412;2205.5;0.5629878998995281
2413;2206;0.562716593325284
2414;2206.5;0.562433542086956
2415;2207;0.5621188298580425
2416;2207.5;0.56177380008581
2417;2208;0.5614045306438263
2418;2208.5;0.5610171284056591
2419;2209;0.560615622044876
2420;2209.5;0.5602033454350448
2421;2210;0.559783632549733
2422;2210.5;0.5593598171625086
2423;2211;0.5589342688584991
2424;2211.5;0.5584830654078291
2425;2212;0.5579986303889416
2426;2212.5;0.5574863653722919
2427;2213;0.556951952428335
2428;2213.5;0.5564038298275266
2429;2214;0.5558518493403216
2430;2214.5;0.5553058704371752
2431;2215;0.5547757524885428
2432;2215.5;0.5542713549648794
2433;2216;0.5537821490266623
2434;2216.5;0.5532958515175043
2435;2217;0.552820104256442
2436;2217.5;0.552362692000793
2437;2218;0.5519297175078751
2438;2218.5;0.5515237364350055
2439;2219;0.5511470593395018
2440;2219.5;0.5508019972786815
2441;2220;0.5504908609098621
2442;2220.5;0.5502087231974264
2443;2221;0.549938788143321
2444;2221.5;0.5496759666426142
2445;2222;0.5494153059947028
2446;2222.5;0.5491493699989837
2447;2223;0.5488792324548541
2448;2223.5;0.5486084043617108
2449;2224;0.5483403967189507
2450;2224.5;0.5480787204259708
2451;2225;0.5478225371125985
2452;2225.5;0.5475616132090538
2453;2226;0.5473071163174268
2454;2226.5;0.5470724300028608
2455;2227;0.5468694564305
2456;2227.5;0.5467023940654882
2457;2228;0.5465731808729687
2458;2228.5;0.5464837547180857
2459;2229;0.5464360532659829
2460;2229.5;0.5464291275548794
2461;2230;0.5464371282059359
2462;2230.5;0.5464466846204747
2463;2231;0.5464493285227711
2464;2231.5;0.5464439601370997
2465;2232;0.5464419327877357
2466;2232.5;0.5464429517989539
2467;2233;0.5464462611950291
2468;2233.5;0.5464511051002365
2469;2234;0.5464575599431949
2470;2234.5;0.5464823912029125
2471;2235;0.5465317150953316
2472;2235.5;0.546604578616611
2473;2236;0.5466988911629099
2474;2236.5;0.5468080006303873
2475;2237;0.546929758215202
2476;2237.5;0.5470627265135135
2477;2238;0.5472054683214804
2478;2238.5;0.5473569715832209
2479;2239;0.5475602880007402
2480;2239.5;0.5478386377040917
2481;2240;0.5481832287509081
2482;2240.5;0.548585883598822
2483;2241;0.5490444433054662
2484;2241.5;0.5495483901284735
2485;2242;0.5500844240254764
2486;2242.5;0.5506392444541077
2487;2243;0.5511995513720004
2488;2243.5;0.5517823553801902
2489;2244;0.5524107368271822
2490;2244.5;0.5530745214933207
2491;2245;0.5537636108420427
2492;2245.5;0.5544768941367847
2493;2246;0.5552118439409837
2494;2246.5;0.5559608984180763
2495;2247;0.5567164954314991
2496;2247.5;0.5574710732446894
2497;2248;0.5582304185744292
2498;2248.5;0.5590129771973656
2499;2249;0.5598158350871273
2500;2249.5;0.5606356437612593
2501;2250;0.561465799137307

