Sample name;2051-DVF4448S3501
Subsample name;子样品1
Subsample status;Finished
Operating procedure;OP:PA6采谱
Determination start;2026-05-27 07:46:10Z

MEAS SPEC;记录光谱 1;Met：PA6采谱  1
MP list
#;Wavelength / nm;Absorbance / AU
1;1000;0.31740722509208597
2;1000.5;0.31740166512693624
3;1001;0.31737209060354016
4;1001.5;0.3173275496507272
5;1002;0.3172744682308252
6;1002.5;0.3172192721061625
7;1003;0.3171683872390669
8;1003.5;0.3171282395918665
9;1004;0.3171052549268891
10;1004.5;0.31710585910646305
11;1005;0.3171364781929162
12;1005.5;0.3172004161105804
13;1006;0.3172888494663026
14;1006.5;0.3173956921256985
15;1007;0.31751574744309263
16;1007.5;0.3176438190728098
17;1008;0.3177747105691745
18;1008.5;0.3179032252865114
19;1009;0.3180241669791451
20;1009.5;0.31813233920140027
21;1010;0.3182225460471907
22;1010.5;0.31829780118138923
23;1011;0.31837280394975664
24;1011.5;0.3184478677470043
25;1012;0.31852207316784364
26;1012.5;0.31859450080698626
27;1013;0.3186642311591436
28;1013.5;0.31873034471902695
29;1014;0.31879192208134793
30;1014.5;0.318848043840818
31;1015;0.31889810565388255
32;1015.5;0.31895032563433745
33;1016;0.3190006784681282
34;1016.5;0.31904795751430337
35;1017;0.31909139943191145
36;1017.5;0.31913024078000085
37;1018;0.31916371821762013
38;1018.5;0.3191910683038178
39;1019;0.3192115276976425
40;1019.5;0.3192243329581425
41;1020;0.31922975907296586
42;1020.5;0.3192398683369607
43;1021;0.3192552292054207
44;1021.5;0.3192753632743936
45;1022;0.31929984703992753
46;1022.5;0.3193282568980705
47;1023;0.31936016944487056
48;1023.5;0.3193951612763756
49;1024;0.3194328086886338
50;1024.5;0.319472688377693
51;1025;0.31951335398127123
52;1025.5;0.3195543162260069
53;1026;0.3196002416020821
54;1026.5;0.31964945570758346
55;1027;0.31970028444059795
56;1027.5;0.31975105329921233
57;1028;0.31980008808151333
58;1028.5;0.31984571438558795
59;1029;0.31988625800952286
60;1029.5;0.31992004455140494
61;1030;0.3199502753586577
62;1030.5;0.31999272759331643
63;1031;0.3200455801697778
64;1031.5;0.32010622457569105
65;1032;0.32017205259870496
66;1032.5;0.3202404559264688
67;1033;0.3203088262466316
68;1033.5;0.32037455534684234
69;1034;0.3204350347147501
70;1034.5;0.3204876561380039
71;1035;0.32053679594683354
72;1035.5;0.3205932514627435
73;1036;0.3206528338275919
74;1036.5;0.32071317203049843
75;1037;0.32077189466058253
76;1037.5;0.32082663070696393
77;1038;0.3208750088587621
78;1038.5;0.32091465810509645
79;1039;0.3209432071350869
80;1039.5;0.32095828493785267
81;1040;0.32095942148576223
82;1040.5;0.3209521588996589
83;1041;0.32093880966807287
84;1041.5;0.32092074382093017
85;1042;0.32089933118815706
86;1042.5;0.32087594179967927
87;1043;0.32085194528542305
88;1043.5;0.32082871177531436
89;1044;0.32080761109927936
90;1044.5;0.3207900131872439
91;1045;0.32076982891547395
92;1045.5;0.3207495547525239
93;1046;0.3207325828912948
94;1046.5;0.32071942416247984
95;1047;0.32071058919677203
96;1047.5;0.3207065887248646
97;1048;0.32070793337745074
98;1048.5;0.3207151338852233
99;1049;0.3207287010788757
100;1049.5;0.3207491236815029
101;1050;0.320770069970146
102;1050.5;0.320796191756677
103;1051;0.3208282735681798
104;1051.5;0.3208647868317383
105;1052;0.3209042031744362
106;1052.5;0.32094499402335747
107;1053;0.32098563110558603
108;1053.5;0.32102458574820564
109;1054;0.3210603294783003
110;1054.5;0.32109143795576023
111;1055;0.32112233951404756
112;1055.5;0.3211571482770695
113;1056;0.32119464950533194
114;1056.5;0.3212332354593406
115;1057;0.3212712984996014
116;1057.5;0.32130723088661994
117;1058;0.3213394248809021
118;1058.5;0.3213662727429536
119;1059;0.3213861669332802
120;1059.5;0.32139783199378585
121;1060;0.32140886385701894
122;1060.5;0.32142365735501105
123;1061;0.3214413344752292
124;1061.5;0.3214608987051403
125;1062;0.3214813534322113
126;1062.5;0.32150170224390917
127;1063;0.321520948627701
128;1063.5;0.32153809597105376
129;1064;0.32155214776143437
130;1064.5;0.3215618884277507
131;1065;0.32156312026304357
132;1065.5;0.32155525351687464
133;1066;0.3215401585574648
134;1066.5;0.32151973985303484
135;1067;0.3214959016718056
136;1067.5;0.32147054858199775
137;1068;0.32144558485183217
138;1068.5;0.3214229151495297
139;1069;0.321404443643311
140;1069.5;0.32139293233506666
141;1070;0.3213954439352934
142;1070.5;0.32140715964428407
143;1071;0.3214255017140825
144;1071.5;0.32144813039673237
145;1072;0.32147270604427747
146;1072.5;0.3214968892087615
147;1073;0.32151834024222825
148;1073.5;0.3215347194967215
149;1074;0.321543687424285
150;1074.5;0.32154448103457045
151;1075;0.3215453011666673
152;1075.5;0.3215450506794528
153;1076;0.32154387488132385
154;1076.5;0.3215420276806772
155;1077;0.32153976318590965
156;1077.5;0.32153733540541807
157;1078;0.3215349982475993
158;1078.5;0.32153300582085004
159;1079;0.3215316120335673
160;1079.5;0.321531183177863
161;1080;0.3215314555360626
162;1080.5;0.3215303885305671
163;1081;0.3215284586137881
164;1081.5;0.3215262034381373
165;1082;0.3215241609560263
166;1082.5;0.32152286881986686
167;1083;0.3215228646820706
168;1083.5;0.3215246863950492
169;1084;0.3215288717112143
170;1084.5;0.3215352463460852
171;1085;0.3215416142155343
172;1085.5;0.3215489427874355
173;1086;0.3215573788201908
174;1086.5;0.3215670519722023
175;1087;0.3215780920018718
176;1087.5;0.3215906284676013
177;1088;0.3216047910277928
178;1088.5;0.3216207094408483
179;1089;0.3216385133651697
180;1089.5;0.32166090985847673
181;1090;0.3216960341849121
182;1090.5;0.32174117683032855
183;1091;0.32179367011268817
184;1091.5;0.3218508544499537
185;1092;0.3219100703600872
186;1092.5;0.32196865856105117
187;1093;0.322023959370808
188;1093.5;0.3220733136073201
189;1094;0.32211406168854995
190;1094.5;0.322146712757787
191;1095;0.3221802851942187
192;1095.5;0.3222145608198434
193;1096;0.32224875748594783
194;1096.5;0.3222820953438189
195;1097;0.3223137944447432
196;1097.5;0.32234307524000755
197;1098;0.3223691575808988
198;1098.5;0.3223912619187036
199;1099;0.3224086082047087
200;1099.5;0.32242104052203774
201;1100;0.32243067137288794
202;1100.5;0.3224384865159745
203;1101;0.322444699526658
204;1101.5;0.32244952208029926
205;1102;0.3224531655522588
206;1102.5;0.32245584151789747
207;1103;0.32245776155257583
208;1103.5;0.32245913703165474
209;1104;0.3224601795304947
210;1104.5;0.3224606177518643
211;1105;0.322459755978456
212;1105.5;0.3224583016561593
213;1106;0.32245653729618756
214;1106.5;0.3224547444097541
215;1107;0.3224532045080724
216;1107.5;0.3224521991023558
217;1108;0.32245200980381766
218;1108.5;0.3224529181236714
219;1109;0.3224552054731305
220;1109.5;0.3224593118064697
221;1110;0.32246608291495094
222;1110.5;0.32247565271364
223;1111;0.3224875322150798
224;1111.5;0.32250123163181355
225;1112;0.3225162611763843
226;1112.5;0.3225321307613352
227;1113;0.3225483507992092
228;1113.5;0.32256443120254924
229;1114;0.32257988218389866
230;1114.5;0.32259750351965294
231;1115;0.32262338195029155
232;1115.5;0.32265534662169143
233;1116;0.32269260150115725
234;1116.5;0.32273435355599367
235;1117;0.3227798099535053
236;1117.5;0.3228281776609967
237;1118;0.3228786637457726
238;1118.5;0.3229304751751376
239;1119;0.3229828190163963
240;1119.5;0.32303922564194726
241;1120;0.3231075581423464
242;1120.5;0.32318415732498373
243;1121;0.32326672071429735
244;1121.5;0.32335295073472503
245;1122;0.3234405497107046
246;1122.5;0.32352722006667395
247;1123;0.32361066412707096
248;1123.5;0.32368858431633357
249;1124;0.3237586831588996
250;1124.5;0.32382087021952255
251;1125;0.32387749087062045
252;1125.5;0.3239271801284086
253;1126;0.3239721339411981
254;1126.5;0.3240145618573008
255;1127;0.3240566734250286
256;1127.5;0.3241006781926929
257;1128;0.3241487857086054
258;1128.5;0.324203205421078
259;1129;0.32426614697842215
260;1129.5;0.32433966305554573
261;1130;0.3244221320634638
262;1130.5;0.3245094855784466
263;1131;0.32460074714024983
264;1131.5;0.3246949617886289
265;1132;0.3247911743633395
266;1132.5;0.3248884296041371
267;1133;0.3249857725507773
268;1133.5;0.32508224814301573
269;1134;0.3251769011206079
270;1134.5;0.3252684059619453
271;1135;0.32535599965449424
272;1135.5;0.3254410929720743
273;1136;0.32552471907425395
274;1136.5;0.3256079053206014
275;1137;0.32569167967068524
276;1137.5;0.3257770696840736
277;1138;0.32586510302033517
278;1138.5;0.32595680733903815
279;1139;0.32605321039975094
280;1139.5;0.32615484008452184
281;1140;0.32626333769796984
282;1140.5;0.32638190712227794
283;1141;0.32650901378699165
284;1141.5;0.32664305292165635
285;1142;0.32678242015581743
286;1142.5;0.32692551101902007
287;1143;0.3270707209408097
288;1143.5;0.32721644555073165
289;1144;0.32736108007833126
290;1144.5;0.32750556771864414
291;1145;0.327657057137404
292;1145.5;0.32781698250074004
293;1146;0.32798452967933545
294;1146.5;0.3281588324438738
295;1147;0.32833902446503826
296;1147.5;0.32852423961351224
297;1148;0.3287136114599793
298;1148.5;0.3289062739751226
299;1149;0.32910136072962576
300;1149.5;0.3293012145374148
301;1150;0.32951434960500703
302;1150.5;0.32973678188300115
303;1151;0.32996636893405834
304;1151.5;0.3302010682208397
305;1152;0.3304388374060067
306;1152.5;0.3306776340522203
307;1153;0.3309154157221418
308;1153.5;0.3311501398784322
309;1154;0.331379764183753
310;1154.5;0.3316050497077896
311;1155;0.33183460856143626
312;1155.5;0.332065626713015
313;1156;0.332296842261009
314;1156.5;0.33252713800390155
315;1157;0.3327553967401761
316;1157.5;0.3329805013683159
317;1158;0.3332013346868044
318;1158.5;0.33341677959412475
319;1159;0.3336257188887604
320;1159.5;0.3338274543106853
321;1160;0.3340245710477559
322;1160.5;0.3342201144211912
323;1161;0.3344149668129175
324;1161.5;0.334609887504861
325;1162;0.33480563597894786
326;1162.5;0.3350029716171045
327;1163;0.33520265390125703
328;1163.5;0.3354054420133318
329;1164;0.3356120955352549
330;1164.5;0.33582186873395126
331;1165;0.33602934849229216
332;1165.5;0.33624163649651084
333;1166;0.3364591693349367
334;1166.5;0.33668161569589894
335;1167;0.336908644767727
336;1167.5;0.3371399253387503
337;1168;0.3373751261972983
338;1168.5;0.33761391643170036
339;1169;0.3378559648302857
340;1169.5;0.33810164609098325
341;1170;0.338356206348677
342;1170.5;0.338626403404184
343;1171;0.33891118448365526
344;1171.5;0.3392084598132422
345;1172;0.33951613951909626
346;1172.5;0.3398321337273684
347;1173;0.34015435266421024
348;1173.5;0.3404807063557728
349;1174;0.34080910502820766
350;1174.5;0.34113869884841896
351;1175;0.3414787529512465
352;1175.5;0.34183069916706676
353;1176;0.342192946781697
354;1176.5;0.34256379218095445
355;1177;0.3429415315506566
356;1177.5;0.3433244613766207
357;1178;0.3437108777446641
358;1178.5;0.34409907714060395
359;1179;0.3444873558502578
360;1179.5;0.34487495354542264
361;1180;0.3452719717700726
362;1180.5;0.3456792467306231
363;1181;0.34609387091395744
364;1181.5;0.34651299930695856
365;1182;0.34693378679650977
366;1182.5;0.3473533882694942
367;1183;0.3477689586127949
368;1183.5;0.3481776526132953
369;1184;0.34857662525787847
370;1184.5;0.34896337680234085
371;1185;0.3493427341477479
372;1185.5;0.3497194177926187
373;1186;0.3500936617085927
374;1186.5;0.35046492966730963
375;1187;0.3508326855404091
376;1187.5;0.35119639329953045
377;1188;0.3515555168163137
378;1188.5;0.35190951986239793
379;1189;0.35225786650942315
380;1189.5;0.35260006535456095
381;1190;0.3529371821736097
382;1190.5;0.35327185995546156
383;1191;0.3536041207073745
384;1191.5;0.3539329065366065
385;1192;0.3542571594504154
386;1192.5;0.3545758214560593
387;1193;0.3548878347607961
388;1193.5;0.35519214147188377
389;1194;0.3554876833965802
390;1194.5;0.35577347393857167
391;1195;0.35605451033787966
392;1195.5;0.35632729264019714
393;1196;0.35658770595731804
394;1196.5;0.35683456690103654
395;1197;0.3570666920831463
396;1197.5;0.3572828978154415
397;1198;0.3574820008097161
398;1198.5;0.3576628175777642
399;1199;0.35782416473137946
400;1199.5;0.35796486628732527
401;1200;0.35809384633671765
402;1200.5;0.35821223531443447
403;1201;0.35831483328702224
404;1201.5;0.3584014900210272
405;1202;0.358472055482996
406;1202.5;0.35852637953947475
407;1203;0.3585643119570102
408;1203.5;0.35858570280214863
409;1204;0.3585904018414365
410;1204.5;0.3585782590414202
411;1205;0.35854475487413157
412;1205.5;0.3584820532583842
413;1206;0.3583892343474114
414;1206.5;0.35827027149368035
415;1207;0.3581291378496584
416;1207.5;0.3579698067678129
417;1208;0.35779625130061116
418;1208.5;0.3576124449005206
419;1209;0.35742236062000826
420;1209.5;0.3572299718115416
421;1210;0.3570213297257164
422;1210.5;0.3567675296103602
423;1211;0.35647078644097957
424;1211.5;0.3561381832224616
425;1212;0.3557768349596932
426;1212.5;0.3553938568575612
427;1213;0.35499636402095236
428;1213.5;0.35459147155475373
429;1214;0.3541862946638522
430;1214.5;0.3537879485531346
431;1215;0.3533917738620923
432;1215.5;0.35297476160526325
433;1216;0.35253986581261065
434;1216.5;0.3520916404300832
435;1217;0.3516346601036296
436;1217.5;0.3511734993791986
437;1218;0.3507127331027389
438;1218.5;0.35025693592019913
439;1219;0.3498106824775279
440;1219.5;0.34937854742067403
441;1220;0.3489573804673577
442;1220.5;0.34852566861897355
443;1221;0.34808997702983807
444;1221.5;0.34765529462703115
445;1222;0.34722632093763295
446;1222.5;0.346807755288723
447;1223;0.34640429730738154
448;1223.5;0.3460206462206882
449;1224;0.34566150155572306
450;1224.5;0.345331562639566
451;1225;0.34503108551025524
452;1225.5;0.34474001860190134
453;1226;0.34445708251023416
454;1226.5;0.34418367658258203
455;1227;0.34392109566627305
456;1227.5;0.34367063440863554
457;1228;0.34343358745699765
458;1228.5;0.34321124975868755
459;1229;0.3430049158610336
460;1229.5;0.3428158805113638
461;1230;0.34264453321154204
462;1230.5;0.3424831625937661
463;1231;0.34232635352800256
464;1231.5;0.34217258050192656
465;1232;0.3420207916032133
466;1232.5;0.34186993461953813
467;1233;0.341718957538576
468;1233.5;0.34156680814800217
469;1234;0.34141243443549185
470;1234.5;0.3412547842887202
471;1235;0.3410932889757489
472;1235.5;0.34093424042896003
473;1236;0.34077547026266836
474;1236.5;0.3406156189477164
475;1237;0.3404546558549465
476;1237.5;0.3402925508552013
477;1238;0.34012927351932315
478;1238.5;0.3399647934181546
479;1239;0.33979908012253823
480;1239.5;0.33963210340331634
481;1240;0.3394636971066404
482;1240.5;0.3392894362272382
483;1241;0.3391092238682254
484;1241.5;0.33892499175684715
485;1242;0.3387386092203486
486;1242.5;0.3385519457859747
487;1243;0.3383668708809706
488;1243.5;0.33818525393258153
489;1244;0.3380089643680525
490;1244.5;0.33783987161462853
491;1245;0.3376798088235352
492;1245.5;0.3375185023992562
493;1246;0.3373523553712246
494;1246.5;0.3371867707975272
495;1247;0.3370246286362507
496;1247.5;0.336868808545482
497;1248;0.3367221904833079
498;1248.5;0.3365876542078152
499;1249;0.3364680797770904
500;1249.5;0.3363663468492207
501;1250;0.3362853353822925
502;1250.5;0.3362170112719186
503;1251;0.33614830261057127
504;1251.5;0.3360804763876212
505;1252;0.33601565777560777
506;1252.5;0.33595597254707066
507;1253;0.33590354627454916
508;1253.5;0.33586050473058293
509;1254;0.3358289735877115
510;1254.5;0.3358110786184743
511;1255;0.33580894539541084
512;1255.5;0.3358218291035868
513;1256;0.3358426281123166
514;1256.5;0.3358675498444648
515;1257;0.33589598953189637
516;1257.5;0.33592740780647606
517;1258;0.3359612657000689
518;1258.5;0.33599702404453946
519;1259;0.33603414377175284
520;1259.5;0.3360720857135738
521;1260;0.3361103107018673
522;1260.5;0.3361513680113989
523;1261;0.33620291576840916
524;1261.5;0.33625950828885576
525;1262;0.33631899602798254
526;1262.5;0.3363795177410337
527;1263;0.33643921158325335
528;1263.5;0.33649621620988557
529;1264;0.3365486699761745
530;1264.5;0.3365947113373643
531;1265;0.3366324786486991
532;1265.5;0.33666186888412836
533;1266;0.3366906730561924
534;1266.5;0.336715644311377
535;1267;0.3367358465336868
536;1267.5;0.3367509420071265
537;1268;0.3367605931157009
538;1268.5;0.33676446204341454
539;1269;0.3367622111742721
540;1269.5;0.33675350289227834
541;1270;0.3367379993814379
542;1270.5;0.33671518413975743
543;1271;0.33668372059677976
544;1271.5;0.3366443376540678
545;1272;0.3365981968123417
546;1272.5;0.3365465779723217
547;1273;0.336490761034728
548;1273.5;0.336432025800281
549;1274;0.33637165226970056
550;1274.5;0.33631092034370724
551;1275;0.3362511097230211
552;1275.5;0.33619300410838826
553;1276;0.3361251099456627
554;1276.5;0.3360496048571874
555;1277;0.33597092304547777
556;1277.5;0.3358911647130491
557;1278;0.33581243006241696
558;1278.5;0.3357368194960967
559;1279;0.3356664332166038
560;1279.5;0.3356033714264536
561;1280;0.33554973432816154
562;1280.5;0.3355075750045019
563;1281;0.33546799978816316
564;1281.5;0.33542646233750917
565;1282;0.33538616205944344
566;1282.5;0.33534843696086897
567;1283;0.3353146249486894
568;1283.5;0.3352860639298079
569;1284;0.3352640919111277
570;1284.5;0.33525004669955216
571;1285;0.33524526630198465
572;1285.5;0.3352510887253284
573;1286;0.33526630955558334
574;1286.5;0.3352859911927098
575;1287;0.33530815877857006
576;1287.5;0.3353326573366835
577;1288;0.3353593353905696
578;1288.5;0.3353880409637478
579;1289;0.33541862257973765
580;1289.5;0.3354509285620583
581;1290;0.3354848071342294
582;1290.5;0.3355201066197703
583;1291;0.3355611313597549
584;1291.5;0.3356151466870266
585;1292;0.3356755785622017
586;1292.5;0.3357395674180096
587;1293;0.3358043956871795
588;1293.5;0.3358673457024409
589;1294;0.33592570009652284
590;1294.5;0.33597674110215486
591;1295;0.3360177511520662
592;1295.5;0.33604601277898616
593;1296;0.33606157018329574
594;1296.5;0.33607448813925755
595;1297;0.33608519663078645
596;1297.5;0.3360937122044663
597;1298;0.3361001586068808
598;1298.5;0.33610465968461367
599;1299;0.3361073393842485
600;1299.5;0.3361083213523692
601;1300;0.3361077296355593
602;1300.5;0.3361056879804026
603;1301;0.336101963778143
604;1301.5;0.3360946362679953
605;1302;0.33608765870597435
606;1302.5;0.3360817442215188
607;1303;0.3360767833440675
608;1303.5;0.336072666503059
609;1304;0.33606928442793194
610;1304.5;0.336066527648125
611;1305;0.3360642865930769
612;1305.5;0.3360624518922262
613;1306;0.33606101230770874
614;1306.5;0.3360612778324885
615;1307;0.33606277504019355
616;1307.5;0.33606526977230883
617;1308;0.3360686249703194
618;1308.5;0.3360727032757105
619;1309;0.33607736762996676
620;1309.5;0.3360824807745735
621;1310;0.33608790555101553
622;1310.5;0.33609350490077794
623;1311;0.33609918751831497
624;1311.5;0.33611128856425904
625;1312;0.33613213471499404
626;1312.5;0.33615970525736844
627;1313;0.3361931773782304
628;1313.5;0.3362317284644287
629;1314;0.33627453550281156
630;1314.5;0.3363207758802275
631;1315;0.33636962678352483
632;1315.5;0.3364202653995521
633;1316;0.3364718690151577
634;1316.5;0.33652895902627106
635;1317;0.33659349766612323
636;1317.5;0.336660226364307
637;1318;0.33672852496153616
638;1318.5;0.3367977785985247
639;1319;0.33686737241598674
640;1319.5;0.336936691654636
641;1320;0.33700512165518653
642;1320.5;0.3370720474583522
643;1321;0.33713685440484686
644;1321.5;0.33720268986825713
645;1322;0.33727610113446516
646;1322.5;0.3373512321573545
647;1323;0.33742704170963717
648;1323.5;0.3375026816640251
649;1324;0.33757730349323045
650;1324.5;0.3376500591699652
651;1325;0.3377201001669413
652;1325.5;0.3377865781568709
653;1326;0.3378486450124659
654;1326.5;0.33790759480509835
655;1327;0.3379713468567472
656;1327.5;0.3380353627885817
657;1328;0.33809761394694327
658;1328.5;0.33815651007817327
659;1329;0.3382104610286134
660;1329.5;0.33825787664460494
661;1330;0.3382971664724894
662;1330.5;0.3383267404586082
663;1331;0.3383450083493028
664;1331.5;0.33835169576030966
665;1332;0.338359055422068
666;1332.5;0.3383683671177985
667;1333;0.3383788374326794
668;1333.5;0.338390133451889
669;1334;0.33840192256060597
670;1334.5;0.33841387194400835
671;1335;0.33842564888727467
672;1335.5;0.3384369204755834
673;1336;0.3384473539941126
674;1336.5;0.3384566183809934
675;1337;0.33846470620763025
676;1337.5;0.3384734914294957
677;1338;0.3384837019871047
678;1338.5;0.3384953911209726
679;1339;0.33850861247161423
680;1339.5;0.33852341937954505
681;1340;0.3385398653852799
682;1340.5;0.3385580039293341
683;1341;0.3385778884522227
684;1341.5;0.3385995725605482
685;1342;0.3386258810826593
686;1342.5;0.33866073409302694
687;1343;0.33870428142173237
688;1343.5;0.3387548473988566
689;1344;0.33881075605448085
690;1344.5;0.3388703316186862
691;1345;0.3389318980215539
692;1345.5;0.3389937794931649
693;1346;0.33905430026360045
694;1346.5;0.3391117842629416
695;1347;0.33917236052674665
696;1347.5;0.3392496544447962
697;1348;0.3393426264971923
698;1348.5;0.33944857468853373
699;1349;0.3395647813234189
700;1349.5;0.3396885285064465
701;1350;0.33981709844221475
702;1350.5;0.3399477734353227
703;1351;0.3400778354903686
704;1351.5;0.340204567111951
705;1352;0.34032995030566493
706;1352.5;0.34046887121951563
707;1353;0.3406207948655465
708;1353.5;0.340784403558079
709;1354;0.3409584191114345
710;1354.5;0.3411415630399346
711;1355;0.3413325570579008
712;1355.5;0.3415301228796544
713;1356;0.3417329822195169
714;1356.5;0.34193985669181004
715;1357;0.3421510295305609
716;1357.5;0.3423773107295739
717;1358;0.3426173708395835
718;1358.5;0.3428692905763597
719;1359;0.3431316036556725
720;1359.5;0.3434028435932919
721;1360;0.3436815441049876
722;1360.5;0.3439662389065296
723;1361;0.34425546161368786
724;1361.5;0.34454774594223225
725;1362;0.3448419061015498
726;1362.5;0.3451434608228965
727;1363;0.3454539754189281
728;1363.5;0.3457721797514793
729;1364;0.3460969151823848
730;1364.5;0.34642702277347937
731;1365;0.3467613438865977
732;1365.5;0.34709871948357474
733;1366;0.34743799092624494
734;1366.5;0.34777799937644316
735;1367;0.3481175867945672
736;1367.5;0.348456508061964
737;1368;0.348796422826824
738;1368.5;0.3491384764145108
739;1369;0.34948330705038827
740;1369.5;0.34983155305981983
741;1370;0.35018385256816914
742;1370.5;0.3505408440007999
743;1371;0.35090316558307577
744;1371.5;0.35127145544036037
745;1372;0.3516463519980174
746;1372.5;0.3520299459397924
747;1373;0.3524237118857115
748;1373.5;0.3528255163553382
749;1374;0.3532335133714013
750;1374.5;0.3536458588566295
751;1375;0.35406070823375174
752;1375.5;0.3544762171254966
753;1376;0.3548905414545927
754;1376.5;0.3553018366437691
755;1377;0.3557082584157542
756;1377.5;0.3561105315179046
757;1378;0.35651623153001166
758;1378.5;0.356924417810417
759;1379;0.3573331320619296
760;1379.5;0.35774041358735886
761;1380;0.3581443017895137
762;1380.5;0.3585428358712033
763;1381;0.3589340553352369
764;1381.5;0.35931599948442366
765;1382;0.3596867076215727
766;1382.5;0.36004543781003406
767;1383;0.3603991402502114
768;1383.5;0.3607448595840589
769;1384;0.3610808032045084
770;1384.5;0.36140568030449216
771;1385;0.36171820007694216
772;1385.5;0.3620170716147905
773;1386;0.3623010039109692
774;1386.5;0.3625687062584103
775;1387;0.36281888765004605
776;1387.5;0.3630503328541378
777;1388;0.3632647564926026
778;1388.5;0.3634631900219393
779;1389;0.36364781180282313
780;1389.5;0.3638216521959293
781;1390;0.36398774186193306
782;1390.5;0.3641491112615096
783;1391;0.3643087909553341
784;1391.5;0.36446981130408174
785;1392;0.36463520286842793
786;1392.5;0.3648079932875362
787;1393;0.36498489553821634
788;1393.5;0.3651586234774959
789;1394;0.36532863225228446
790;1394.5;0.36549642650949143
791;1395;0.3656635106960264
792;1395.5;0.3658313894587987
793;1396;0.3660015673447177
794;1396.5;0.3661755490006931
795;1397;0.36635483907363425
796;1397.5;0.3665409419104505
797;1398;0.3667373505292816
798;1398.5;0.3669450384614882
799;1399;0.3671587509019817
800;1399.5;0.3673771677449252
801;1400;0.36759899208448205
802;1400.5;0.36782292701481517
803;1401;0.36804767563008806
804;1401.5;0.3682719410244636
805;1402;0.3684944262921053
806;1402.5;0.36871383452717615
807;1403;0.3689322780253793
808;1403.5;0.3691590315590148
809;1404;0.36938616002952246
810;1404.5;0.3696114343375721
811;1405;0.3698330502838337
812;1405.5;0.370049203868977
813;1406;0.370258090893672
814;1406.5;0.37045790725858857
815;1407;0.3706468489643965
816;1407.5;0.3708231118117657
817;1408;0.3709864859848428
818;1408.5;0.3711497696467241
819;1409;0.37130800198084557
820;1409.5;0.3714596896165041
821;1410;0.3716047933829965
822;1410.5;0.3717432739096197
823;1411;0.3718750920256705
824;1411.5;0.3720002084604458
825;1412;0.3721185838432426
826;1412.5;0.37223017900335753
827;1413;0.37233504016352503
828;1413.5;0.37243643805775617
829;1414;0.3725357474806593
830;1414.5;0.37263300431926066
831;1415;0.3727283881605866
832;1415.5;0.37282207879166335
833;1416;0.37291425579951737
834;1416.5;0.3730050987711747
835;1417;0.37309478759366194
836;1417.5;0.37318350175400516
837;1418;0.3732714209392309
838;1418.5;0.3733600890202252
839;1419;0.37345186832796273
840;1419.5;0.3735465870050396
841;1420;0.373643112270572
842;1420.5;0.373740311043676
843;1421;0.37383705034346776
844;1421.5;0.3739321970890631
845;1422;0.37402461839957846
846;1422.5;0.3741131812941297
847;1423;0.37419675279183284
848;1423.5;0.37427623295624773
849;1424;0.37435586108895247
850;1424.5;0.3744356850787716
851;1425;0.3745146909162663
852;1425.5;0.374591854991998
853;1426;0.3746661531965281
854;1426.5;0.37473656172041786
855;1427;0.37480205675422873
856;1427.5;0.374861614488522
857;1428;0.3749142109138592
858;1428.5;0.37495967064853514
859;1429;0.3750031298287774
860;1429.5;0.37504872854844146
861;1430;0.3750954302637285
862;1430.5;0.37514187853084013
863;1431;0.3751867172059775
864;1431.5;0.37522858994534214
865;1432;0.37526614050513535
866;1432.5;0.37529801264155854
867;1433;0.37532285001081306
868;1433.5;0.37533921394456493
869;1434;0.3753452581301403
870;1434.5;0.37534422223696884
871;1435;0.3753377293603606
872;1435.5;0.3753267440956254
873;1436;0.3753122307380733
874;1436.5;0.37529515358301435
875;1437;0.3752764772257584
876;1437.5;0.3752571659616155
877;1438;0.37523818418589566
878;1438.5;0.3752204736442019
879;1439;0.3752027416054976
880;1439.5;0.3751833472146032
881;1440;0.37516236505745726
882;1440.5;0.37514025541999835
883;1441;0.37511747888816493
884;1441.5;0.3750944958478957
885;1442;0.375071766785129
886;1442.5;0.3750497520858035
887;1443;0.3750289121358579
888;1443.5;0.3750097074212304
889;1444;0.37498997420016045
890;1444.5;0.3749670806498526
891;1445;0.37494262031207065
892;1445.5;0.37491790885572635
893;1446;0.3748942621497316
894;1446.5;0.3748729962629983
895;1447;0.3748554267644382
896;1447.5;0.3748428698229634
897;1448;0.3748366411074855
898;1448.5;0.3748380564869166
899;1449;0.37484698959487334
900;1449.5;0.37485942042549486
901;1450;0.37487470973254866
902;1450.5;0.3748925379303928
903;1451;0.37491258563338553
904;1451.5;0.3749345336558848
905;1452;0.3749580624122488
906;1452.5;0.3749828527168358
907;1453;0.3750085851840037
908;1453.5;0.37503494042811064
909;1454;0.37506180959480556
910;1454.5;0.37509094496621354
911;1455;0.37512398023365495
912;1455.5;0.3751601567503319
913;1456;0.3751985202694466
914;1456.5;0.3752381163442008
915;1457;0.37527799082779695
916;1457.5;0.3753171892734369
917;1458;0.37535475753432274
918;1458.5;0.3753897410636567
919;1459;0.3754214292835226
920;1459.5;0.3754543259806531
921;1460;0.37548860879174867
922;1460.5;0.3755241335947712
923;1461;0.37556116336768297
924;1461.5;0.3755999613884461
925;1462;0.3756407904350225
926;1462.5;0.37568391368537446
927;1463;0.375729594117464
928;1463.5;0.37577809490925335
929;1464;0.37582968031566305
930;1464.5;0.3758886788178498
931;1465;0.3759555192052847
932;1465.5;0.37602824040494365
933;1466;0.3761067003438025
934;1466.5;0.3761907571488373
935;1467;0.37628026874702397
936;1467.5;0.3763750930653384
937;1468;0.3764750881307567
938;1468.5;0.3765801117702548
939;1469;0.3766900222108086
940;1469.5;0.37680800968498646
941;1470;0.3769401194341282
942;1470.5;0.37708479765936465
943;1471;0.3772398900880998
944;1471.5;0.37740324244773815
945;1472;0.3775727005656841
946;1472.5;0.37774611016934184
947;1473;0.37792131688611574
948;1473.5;0.37809616644341004
949;1474;0.37826850466862916
950;1474.5;0.3784387194515189
951;1475;0.3786146713343689
952;1475.5;0.3787935381520528
953;1476;0.37897376295797097
954;1476.5;0.3791538794055236
955;1477;0.37933242124811073
956;1477.5;0.37950792203913275
957;1478;0.37967891563198963
958;1478.5;0.3798439355800817
959;1479;0.38000151563680923
960;1479.5;0.3801508196649653
961;1480;0.3802974701996519
962;1480.5;0.38044043578081643
963;1481;0.3805793643090599
964;1481.5;0.38071432648498316
965;1482;0.380845392909187
966;1482.5;0.3809726342822723
967;1483;0.38109612100483986
968;1483.5;0.38121592377749053
969;1484;0.3813321132008251
970;1484.5;0.38144471138581143
971;1485;0.38155121595012476
972;1485.5;0.3816518946760049
973;1486;0.3817483500395717
974;1486.5;0.3818419610169452
975;1487;0.3819341064842451
976;1487.5;0.38202616521759136
977;1488;0.38211951639310404
978;1488.5;0.3822155386869029
979;1489;0.38231561117510793
980;1489.5;0.38242111273383894
981;1490;0.38253151361581833
982;1490.5;0.3826411418412182
983;1491;0.382748509115525
984;1491.5;0.38285466137374957
985;1492;0.38296064455090306
986;1492.5;0.3830675044819966
987;1493;0.3831762873020409
988;1493.5;0.3832880387460472
989;1494;0.38340380484902653
990;1494.5;0.3835246315459898
991;1495;0.3836535033688559
992;1495.5;0.3837940840421486
993;1496;0.3839433991600445
994;1496.5;0.38410126643616044
995;1497;0.38426752078411297
996;1497.5;0.3844419970175188
997;1498;0.38462452974999434
998;1498.5;0.3848149537951563
999;1499;0.38501310396662136
1000;1499.5;0.38521881497800603
1001;1500;0.3854338099567266
1002;1500.5;0.3856682126267416
1003;1501;0.38591927422255257
1004;1501.5;0.3861833201723142
1005;1502;0.3864567701041813
1006;1502.5;0.38673604344630863
1007;1503;0.38701755982685093
1008;1503.5;0.38729773867396294
1009;1504;0.3875729996157995
1010;1504.5;0.3878397620805153
1011;1505;0.3880952111796888
1012;1505.5;0.38835035714223165
1013;1506;0.38860691566387096
1014;1506.5;0.3888627219463376
1015;1507;0.3891158700913625
1016;1507.5;0.38936445400067654
1017;1508;0.38960656787601045
1018;1508.5;0.389840305719095
1019;1509;0.39006376153166106
1020;1509.5;0.39027502941543946
1021;1510;0.3904722196896696
1022;1510.5;0.3906605180671132
1023;1511;0.39084768718199747
1024;1511.5;0.3910341542490727
1025;1512;0.391219383783089
1026;1512.5;0.3914028405987968
1027;1513;0.3915839892109464
1028;1513.5;0.39176229433428783
1029;1514;0.3919372206835715
1030;1514.5;0.39210823277354767
1031;1515;0.3922747954189666
1032;1515.5;0.39243375681256426
1033;1516;0.3925832606488576
1034;1516.5;0.39272692184691654
1035;1517;0.39286683936273836
1036;1517.5;0.3930051118523196
1037;1518;0.39314383837165756
1038;1518.5;0.39328511757674894
1039;1519;0.3934310484235907
1040;1519.5;0.3935837296681798
1041;1520;0.3937452602665131
1042;1520.5;0.3939168491102368
1043;1521;0.39409627556172827
1044;1521.5;0.3942829661302898
1045;1522;0.39447599054245397
1046;1522.5;0.3946744101247535
1047;1523;0.39487728620372103
1048;1523.5;0.3950836800058891
1049;1524;0.39529265295779037
1050;1524.5;0.3955032661859575
1051;1525;0.39571458111692304
1052;1525.5;0.3959269046401483
1053;1526;0.3961497727379262
1054;1526.5;0.3963829487326894
1055;1527;0.3966229022769618
1056;1527.5;0.3968660588232668
1057;1528;0.3971088435241281
1058;1528.5;0.39734768203206927
1059;1529;0.39757899949961395
1060;1529.5;0.3977992213792856
1061;1530;0.3980047730236081
1062;1530.5;0.3981923057693545
1063;1531;0.3983671041216043
1064;1531.5;0.39853285099169955
1065;1532;0.3986885275732392
1066;1532.5;0.3988329092598226
1067;1533;0.39896477134504904
1068;1533.5;0.39908288942251763
1069;1534;0.3991860386858278
1070;1534.5;0.3992729945285786
1071;1535;0.39934253224436933
1072;1535.5;0.3993934274267992
1073;1536;0.39940968260576437
1074;1536.5;0.39937833540334
1075;1537;0.39930379744324673
1076;1537.5;0.3991900159851528
1077;1538;0.39904093788872647
1078;1538.5;0.39886051011363577
1079;1539;0.39865267981954905
1080;1539.5;0.39842139386613457
1081;1540;0.39817059921306047
1082;1540.5;0.39790424301999494
1083;1541;0.39760685563280995
1084;1541.5;0.3972406159967153
1085;1542;0.39681465192346044
1086;1542.5;0.39634066701101606
1087;1543;0.3958303642573526
1088;1543.5;0.39529544696044033
1089;1544;0.39474761851824985
1090;1544.5;0.3941985820287516
1091;1545;0.39366004078991595
1092;1545.5;0.39314369809971333
1093;1546;0.39265014286238076
1094;1546.5;0.39213236351937875
1095;1547;0.3915864399766809
1096;1547.5;0.39102319192357626
1097;1548;0.3904536054493545
1098;1548.5;0.38988866624330426
1099;1549;0.38933936029471516
1100;1549.5;0.38881667349287635
1101;1550;0.38833159172707715
1102;1550.5;0.3878951008866065
1103;1551;0.38751477811530854
1104;1551.5;0.3871567315261006
1105;1552;0.3868081206608306
1106;1552.5;0.3864735056436834
1107;1553;0.38615804309884394
1108;1553.5;0.3858668897504971
1109;1554;0.3856052022228279
1110;1554.5;0.3853781372400212
1111;1555;0.38519085152626187
1112;1555.5;0.3850485017057349
1113;1556;0.3849560383446316
1114;1556.5;0.3849027837544688
1115;1557;0.3848746607466488
1116;1557.5;0.3848693780533553
1117;1558;0.38488580790677174
1118;1558.5;0.3849228225390815
1119;1559;0.38497929438246825
1120;1559.5;0.3850540955691154
1121;1560;0.3851460985312066
1122;1560.5;0.38525417540092516
1123;1561;0.3853771985104547
1124;1561.5;0.3855260104257753
1125;1562;0.3857083747181789
1126;1562.5;0.3859165702219832
1127;1563;0.3861446617563618
1128;1563.5;0.38638671394048835
1129;1564;0.38663679149353636
1130;1564.5;0.3868889592346797
1131;1565;0.38713728168309186
1132;1565.5;0.38737582365794654
1133;1566;0.3875986497784173
1134;1566.5;0.38781002706950646
1135;1567;0.38802894410008804
1136;1567.5;0.38825005174464183
1137;1568;0.3884695867867363
1138;1568.5;0.38868378560993966
1139;1569;0.3888888850978204
1140;1569.5;0.38908112173394666
1141;1570;0.3892567322018869
1142;1570.5;0.3894119531852094
1143;1571;0.3895430212674825
1144;1571.5;0.3896486777547457
1145;1572;0.38973789455231433
1146;1572.5;0.3898072848500077
1147;1573;0.3898559637604767
1148;1573.5;0.3898831605963718
1149;1574;0.3898881042703439
1150;1574.5;0.3898700238950437
1151;1575;0.3898281485831218
1152;1575.5;0.38976170734722915
1153;1576;0.38966992940001643
1154;1576.5;0.38955160552317686
1155;1577;0.38940164173911873
1156;1577.5;0.3892229388369769
1157;1578;0.38902067689153147
1158;1578.5;0.38880003467756225
1159;1579;0.38856619146984894
1160;1579.5;0.3883243261431714
1161;1580;0.3880796176723095
1162;1580.5;0.38783724513204293
1163;1581;0.38760238739715164
1164;1581.5;0.3873799109450635
1165;1582;0.38714843743778565
1166;1582.5;0.38690214576746046
1167;1583;0.386648563282051
1168;1583.5;0.3863940000295204
1169;1584;0.38614476595783176
1170;1584.5;0.3859071711149483
1171;1585;0.3856875256488332
1172;1585.5;0.3854921396074495
1173;1586;0.38532732293876026
1174;1586.5;0.38519938569072876
1175;1587;0.38509403649073404
1176;1587.5;0.3849908836425326
1177;1588;0.38489438757918704
1178;1588.5;0.38480750177381445
1179;1589;0.3847331799995317
1180;1589.5;0.3846743755294562
1181;1590;0.38463404203670487
1182;1590.5;0.3846151330943949
1183;1591;0.3846206020756434
1184;1591.5;0.3846534026535674
1185;1592;0.384709888455039
1186;1592.5;0.38477308242288216
1187;1593;0.38484082029788946
1188;1593.5;0.384911953631352
1189;1594;0.38498533387456063
1190;1594.5;0.38505981257880617
1191;1595;0.38513424099537963
1192;1595.5;0.3852074707755718
1193;1596;0.3852783532706737
1194;1596.5;0.38534574013197603
1195;1597;0.3854095825265709
1196;1597.5;0.3854744946842043
1197;1598;0.38553993148834137
1198;1598.5;0.38560496614777384
1199;1599;0.38566868067129356
1200;1599.5;0.3857301572676926
1201;1600;0.3857884778457628
1202;1600.5;0.3858427245142958
1203;1601;0.3858919793820838
1204;1601.5;0.38593532445791867
1205;1602;0.3859704884777149
1206;1602.5;0.3859804822401809
1207;1603;0.3859634880374598
1208;1603.5;0.38592334848816917
1209;1604;0.38586390171092694
1210;1604.5;0.3857889861243509
1211;1605;0.385702439847059
1212;1605.5;0.38560810129766876
1213;1606;0.3855098084947982
1214;1606.5;0.3854113998570649
1215;1607;0.38531644788922015
1216;1607.5;0.3852126123429188
1217;1608;0.38509393816431176
1218;1608.5;0.3849621609778877
1219;1609;0.38481873760813545
1220;1609.5;0.38466512497954375
1221;1610;0.3845027801166015
1222;1610.5;0.38433315994379735
1223;1611;0.3841577212856201
1224;1611.5;0.38397792116655854
1225;1612;0.3837952165111016
1226;1612.5;0.38360572949648375
1227;1613;0.3834037676560323
1228;1613.5;0.3831901724073264
1229;1614;0.3829659253602275
1230;1614.5;0.38273200812459707
1231;1615;0.38248940231029666
1232;1615.5;0.3822390898271875
1233;1616;0.3819820520851312
1234;1616.5;0.3817192707939891
1235;1617;0.38145172766362273
1236;1617.5;0.3811771116125998
1237;1618;0.38088872870194257
1238;1618.5;0.3805881182315587
1239;1619;0.38027785234523453
1240;1619.5;0.37996050318675645
1241;1620;0.37963864289991084
1242;1620.5;0.379314843728484
1243;1621;0.3789916779162622
1244;1621.5;0.3786717175070319
1245;1622;0.37835753464457944
1246;1622.5;0.3780481476414378
1247;1623;0.37773201200613055
1248;1623.5;0.37741152576892284
1249;1624;0.3770895930639043
1250;1624.5;0.37676911402516455
1251;1625;0.37645298858679316
1252;1625.5;0.37614411688287974
1253;1626;0.37584539914751397
1254;1626.5;0.3755597354147854
1255;1627;0.3752900258187836
1256;1627.5;0.37503710668531276
1257;1628;0.3747843091180341
1258;1628.5;0.37452828315784015
1259;1629;0.3742731241681474
1260;1629.5;0.3740230446123721
1261;1630;0.3737822569539307
1262;1630.5;0.37355497365623946
1263;1631;0.37334540728271487
1264;1631.5;0.3731577703967733
1265;1632;0.3729962753618311
1266;1632.5;0.3728642751075012
1267;1633;0.3727417675793198
1268;1633.5;0.3726149653466591
1269;1634;0.3724857524364191
1270;1634.5;0.37235678507549996
1271;1635;0.37223071949080183
1272;1635.5;0.37211021210922474
1273;1636;0.3719979190576689
1274;1636.5;0.37189649666303426
1275;1637;0.37180860125222104
1276;1637.5;0.37173687480675016
1277;1638;0.3716775878655533
1278;1638.5;0.371621913684417
1279;1639;0.3715690983140652
1280;1639.5;0.3715195886052218
1281;1640;0.3714738311086105
1282;1640.5;0.3714322724749552
1283;1641;0.3713953591549798
1284;1641.5;0.37136353799940797
1285;1642;0.37133725555896363
1286;1642.5;0.3713169582843706
1287;1643;0.37130760474877883
1288;1643.5;0.3713132163969969
1289;1644;0.37133113387831357
1290;1644.5;0.3713595771666477
1291;1645;0.3713967663359178
1292;1645.5;0.37144092146004265
1293;1646;0.371490262312941
1294;1646.5;0.37154300906853155
1295;1647;0.37159738170073303
1296;1647.5;0.37165160008346415
1297;1648;0.37170694986718755
1298;1648.5;0.37176720533378055
1299;1649;0.3718301877769437
1300;1649.5;0.37189599893697806
1301;1650;0.3719647406541847
1302;1650.5;0.3720365148688649
1303;1651;0.37211142332131975
1304;1651.5;0.3721895679518504
1305;1652;0.3722710506007578
1306;1652.5;0.3723559730083432
1307;1653;0.3724453865010482
1308;1653.5;0.37254105225711537
1309;1654;0.3726393670359783
1310;1654.5;0.3727404960269853
1311;1655;0.37284463051948524
1312;1655.5;0.37295196140282655
1313;1656;0.37306267976635776
1314;1656.5;0.37317697659942767
1315;1657;0.3732950430913847
1316;1657.5;0.3734170701315776
1317;1658;0.37354322634204645
1318;1658.5;0.3736708999294475
1319;1659;0.37379481245257806
1320;1659.5;0.3739167323046715
1321;1660;0.3740387224789609
1322;1660.5;0.37416284626867996
1323;1661;0.3742911669670617
1324;1661.5;0.3744257475673395
1325;1662;0.37456865146274676
1326;1662.5;0.37472194174651663
1327;1663;0.3748875983847485
1328;1663.5;0.3750639872658971
1329;1664;0.37524516668107105
1330;1664.5;0.37543012477676485
1331;1665;0.37561841829947296
1332;1665.5;0.3758096040956901
1333;1666;0.3760032390119107
1334;1666.5;0.37619887989462936
1335;1667;0.3763960835903406
1336;1667.5;0.37659440694553903
1337;1668;0.3767934072485083
1338;1668.5;0.37699306741198113
1339;1669;0.3771958537569774
1340;1669.5;0.377402661057313
1341;1670;0.3776138954868043
1342;1670.5;0.37782996331926716
1343;1671;0.37805127102851777
1344;1671.5;0.3782782246883721
1345;1672;0.37851123077264626
1346;1672.5;0.3787506953551562
1347;1673;0.3789970249097181
1348;1673.5;0.37925575570764913
1349;1674;0.3795328602481567
1350;1674.5;0.3798267929079718
1351;1675;0.3801361447907657
1352;1675.5;0.3804595067002098
1353;1676;0.38079546943997544
1354;1676.5;0.381142624013734
1355;1677;0.38149956132515694
1356;1677.5;0.38186487207791536
1357;1678;0.3822371472756808
1358;1678.5;0.3826234192217424
1359;1679;0.3830436785861234
1360;1679.5;0.38349692970330274
1361;1680;0.3839797876307558
1362;1680.5;0.38448886762595763
1363;1681;0.3850207849463834
1364;1681.5;0.38557215474950846
1365;1682;0.3861395923928077
1366;1682.5;0.3867197128337566
1367;1683;0.38730913152983015
1368;1683.5;0.3879140468393637
1369;1684;0.3885703878323456
1370;1684.5;0.3892802213098646
1371;1685;0.3900390055229077
1372;1685.5;0.3908421988224615
1373;1686;0.39168525945951305
1374;1686.5;0.39256364568504887
1375;1687;0.3934728159500559
1376;1687.5;0.3944082284055209
1377;1688;0.3953653415024306
1378;1688.5;0.3963464696204499
1379;1689;0.39739165398860077
1380;1689.5;0.39850217947700106
1381;1690;0.3996708966151246
1382;1690.5;0.4008906573324448
1383;1691;0.40215431325843537
1384;1691.5;0.4034547164225698
1385;1692;0.40478471855432163
1386;1692.5;0.40613717138316463
1387;1693;0.4075049269385723
1388;1693.5;0.408883840708128
1389;1694;0.41030510522898267
1390;1694.5;0.41177288919051874
1391;1695;0.41327937169422657
1392;1695.5;0.41481672034159633
1393;1696;0.4163771024341183
1394;1696.5;0.41795268537328256
1395;1697;0.4195356367605797
1396;1697.5;0.4211181237974998
1397;1698;0.42269231418553294
1398;1698.5;0.4242513707213931
1399;1699;0.4258181225441914
1400;1699.5;0.4273936059315006
1401;1700;0.4289722590932764
1402;1700.5;0.43054955983947385
1403;1701;0.43212098608004873
1404;1701.5;0.4336820155249563
1405;1702;0.43522812578415204
1406;1702.5;0.4367547948675913
1407;1703;0.43825750048522966
1408;1703.5;0.43973186498098993
1409;1704;0.4412049989267833
1410;1704.5;0.44268824544007146
1411;1705;0.444169343503716
1412;1705.5;0.4456368615005791
1413;1706;0.44707936801352205
1414;1706.5;0.44848543152540693
1415;1707;0.44984362061909555
1416;1707.5;0.45114250367744957
1417;1708;0.45237064948333056
1418;1708.5;0.45351662631960077
1419;1709;0.454614476331982
1420;1709.5;0.45570809587825006
1421;1710;0.45678277132341716
1422;1710.5;0.4578231659195664
1423;1711;0.45881394281878035
1424;1711.5;0.45973976537314193
1425;1712;0.46058529673473386
1426;1712.5;0.46133520035563924
1427;1713;0.46197413928794057
1428;1713.5;0.4624867769837211
1429;1714;0.4629096715663533
1430;1714.5;0.46333036108352965
1431;1715;0.46373969476713917
1432;1715.5;0.46412541889857445
1433;1716;0.46447527995922827
1434;1716.5;0.4647770244304935
1435;1717;0.46501839849376303
1436;1717.5;0.46518714873042943
1437;1718;0.4652710215218857
1438;1718.5;0.4652577631495246
1439;1719;0.4651507672037997
1440;1719.5;0.46498589417148556
1441;1720;0.4647678804287942
1442;1720.5;0.4645028325998991
1443;1721;0.46419685700897373
1444;1721.5;0.4638560603801915
1445;1722;0.463486549037726
1446;1722.5;0.4630944295057504
1447;1723;0.4626858083084386
1448;1723.5;0.46226679196996356
1449;1724;0.4618357924790722
1450;1724.5;0.46136305980919207
1451;1725;0.4608494845126538
1452;1725.5;0.4603049264635789
1453;1726;0.4597392480360888
1454;1726.5;0.4591623119043051
1455;1727;0.45858398044234905
1456;1727.5;0.45801411602434233
1457;1728;0.4574625813244064
1458;1728.5;0.45693923871666264
1459;1729;0.4564468841572643
1460;1729.5;0.45594735836529887
1461;1730;0.4554392787455753
1462;1730.5;0.45493155184941186
1463;1731;0.45443311022812677
1464;1731.5;0.4539528866330384
1465;1732;0.45349981361546493
1466;1732.5;0.45308282372672465
1467;1733;0.45271084971813585
1468;1733.5;0.452392824141017
1469;1734;0.45213462143435673
1470;1734.5;0.4519108321710032
1471;1735;0.4517156960261211
1472;1735.5;0.4515523751172542
1473;1736;0.45142406606194585
1474;1736.5;0.4513339655777395
1475;1737;0.4512852701821789
1476;1737.5;0.45128117659280703
1477;1738;0.45132488152716793
1478;1738.5;0.45141958160280476
1479;1739;0.45156843556904375
1480;1739.5;0.4517712493957086
1481;1740;0.4520221421245056
1482;1740.5;0.45231386192781775
1483;1741;0.4526390847780279
1484;1741.5;0.452990486147519
1485;1742;0.4533607416086741
1486;1742.5;0.45374252713387564
1487;1743;0.45412851799550696
1488;1743.5;0.45451139016595066
1489;1744;0.4548848113349952
1490;1744.5;0.45528257759132673
1491;1745;0.45571664742395185
1492;1745.5;0.4561750066396611
1493;1746;0.45664546774524545
1494;1746.5;0.4571158429474956
1495;1747;0.4575739444532025
1496;1747.5;0.4580075845691572
1497;1748;0.4584045755021502
1498;1748.5;0.45875272945897255
1499;1749;0.4590399387390529
1500;1749.5;0.45927027449041213
1501;1750;0.45945519016147907
1502;1750.5;0.459596460457922
1503;1751;0.45969540828540917
1504;1751.5;0.45975335664960904
1505;1752;0.4597716284561898
1506;1752.5;0.45975154671082025
1507;1753;0.4596944344191682
1508;1753.5;0.4596016145869025
1509;1754;0.45947441011969126
1510;1754.5;0.4592943454325331
1511;1755;0.45904770789961635
1512;1755.5;0.45874220509845126
1513;1756;0.4583852275690332
1514;1756.5;0.45798416635135714
1515;1757;0.4575464118854179
1516;1757.5;0.45707935511121073
1517;1758;0.45659038656873063
1518;1758.5;0.4560868971979725
1519;1759;0.45557627763893144
1520;1759.5;0.4550440759331793
1521;1760;0.4544667487292113
1522;1760.5;0.4538510160707796
1523;1761;0.453204018383095
1524;1761.5;0.4525328958913688
1525;1762;0.4518447890208118
1526;1762.5;0.45114683799663524
1527;1763;0.4504461832440502
1528;1763.5;0.4497499650882676
1529;1764;0.44906532375449854
1530;1764.5;0.448386349496306
1531;1765;0.4476952418883651
1532;1765.5;0.44699542638929357
1533;1766;0.44629047980851244
1534;1766.5;0.44558397885544254
1535;1767;0.44487950023950507
1536;1767.5;0.4441806208701209
1537;1768;0.4434909173567109
1538;1768.5;0.4428139665086964
1539;1769;0.442153345035498
1540;1769.5;0.4415041823690438
1541;1770;0.44084980959141384
1542;1770.5;0.4401936120518859
1543;1771;0.43954063107323044
1544;1771.5;0.43889590827821856
1545;1772;0.4382644850896208
1546;1772.5;0.43765140293020777
1547;1773;0.4370617033227505
1548;1773.5;0.4365004277900198
1549;1774;0.435972617854786
1550;1774.5;0.43547549464893853
1551;1775;0.43498630029480606
1552;1775.5;0.4345038643172944
1553;1776;0.43403179435403355
1554;1776.5;0.43357369834265347
1555;1777;0.4331331840207843
1556;1777.5;0.43271385922605604
1557;1778;0.43231933179609844
1558;1778.5;0.43195320956854194
1559;1779;0.43161910028101624
1560;1779.5;0.4313149675097551
1561;1780;0.43102159797569123
1562;1780.5;0.4307367970631937
1563;1781;0.43046207730847225
1564;1781.5;0.4301989509477365
1565;1782;0.4299489306171959
1566;1782.5;0.42971352845306027
1567;1783;0.42949425699153887
1568;1783.5;0.42929262866884155
1569;1784;0.42911015582117773
1570;1784.5;0.4289459214942548
1571;1785;0.4287900524844811
1572;1785.5;0.4286407738743424
1573;1786;0.42849672258401306
1574;1786.5;0.4283565323336667
1575;1787;0.42821883704347774
1576;1787.5;0.4280822703336197
1577;1788;0.4279454660242671
1578;1788.5;0.42780705803559355
1579;1789;0.4276656799877731
1580;1789.5;0.42752064266256273
1581;1790;0.4273748387706389
1582;1790.5;0.4272289185420558
1583;1791;0.42708309640945974
1584;1791.5;0.4269375878054973
1585;1792;0.42679260856281476
1586;1792.5;0.42664837431405883
1587;1793;0.4265051004918757
1588;1793.5;0.42636300302891206
1589;1794;0.4262222973578142
1590;1794.5;0.4260828535779278
1591;1795;0.4259426216122784
1592;1795.5;0.42580158270412066
1593;1796;0.42566043791418273
1594;1796.5;0.425519892703193
1595;1797;0.42538065273187986
1596;1797.5;0.42524342356097156
1597;1798;0.4251089107511964
1598;1798.5;0.42497781986328287
1599;1799;0.42485085645795906
1600;1799.5;0.4247286273355009
1601;1800;0.42461006795743134
1602;1800.5;0.4244934592740167
1603;1801;0.4243789556159093
1604;1801.5;0.4242667720137619
1605;1802;0.42415712309822684
1606;1802.5;0.4240502237999567
1607;1803;0.42394628884960406
1608;1803.5;0.42384553297782135
1609;1804;0.4237481710152613
1610;1804.5;0.4236549090598965
1611;1805;0.42357006569006755
1612;1805.5;0.42349355085186796
1613;1806;0.42342291886496064
1614;1806.5;0.4233556802490085
1615;1807;0.4232893453236743
1616;1807.5;0.423221424608621
1617;1808;0.42314942842351133
1618;1808.5;0.42307086728800825
1619;1809;0.4229832515217746
1620;1809.5;0.422883833233535
1621;1810;0.42276987490404927
1622;1810.5;0.42264540641178483
1623;1811;0.4225129778953103
1624;1811.5;0.42237497189319495
1625;1812;0.4222337708440077
1626;1812.5;0.42209175708631774
1627;1813;0.42195131315869405
1628;1813.5;0.4218148214997056
1629;1814;0.4216846644479215
1630;1814.5;0.4215626037546281
1631;1815;0.42144381855936625
1632;1815.5;0.42132741003722307
1633;1816;0.4212134342072383
1634;1816.5;0.4211018991884514
1635;1817;0.42099281329990196
1636;1817.5;0.4208861848606297
1637;1818;0.42078202198967396
1638;1818.5;0.4206803330060745
1639;1819;0.4205811262288705
1640;1819.5;0.42048405837737146
1641;1820;0.42038346311526736
1642;1820.5;0.4202741970855158
1643;1821;0.42015874270156495
1644;1821.5;0.4200400731768633
1645;1822;0.4199211615248591
1646;1822.5;0.4198049809590005
1647;1823;0.41969450469273595
1648;1823.5;0.4195927056395135
1649;1824;0.4195025571127816
1650;1824.5;0.4194266830804927
1651;1825;0.4193616194358271
1652;1825.5;0.41930113985786654
1653;1826;0.41924419384381767
1654;1826.5;0.41919016789088814
1655;1827;0.4191384487962848
1656;1827.5;0.41908842315721484
1657;1828;0.4190394777708851
1658;1828.5;0.4189909990345034
1659;1829;0.41894237384527616
1660;1829.5;0.41889314922660265
1661;1830;0.41884528580219305
1662;1830.5;0.4188004628485341
1663;1831;0.4187578837591121
1664;1831.5;0.41871657722741296
1665;1832;0.4186755718469227
1666;1832.5;0.4186338965111277
1667;1833;0.4185905796135138
1668;1833.5;0.4185446499475674
1669;1834;0.4184951362067742
1670;1834.5;0.41844103454512566
1671;1835;0.41837924531180704
1672;1835.5;0.41830343506182766
1673;1836;0.4182158372529587
1674;1836.5;0.41811946894297103
1675;1837;0.41801734738963586
1676;1837.5;0.4179124899507241
1677;1838;0.4178079137840072
1678;1838.5;0.41770663604725594
1679;1839;0.4176116740982416
1680;1839.5;0.4175260231177343
1681;1840;0.4174500399335358
1682;1840.5;0.417376574998119
1683;1841;0.4173041788567936
1684;1841.5;0.4172321032548695
1685;1842;0.41715959983765644
1686;1842.5;0.4170859201504646
1687;1843;0.4170103160386038
1688;1843.5;0.4169320389473838
1689;1844;0.4168503407221145
1690;1844.5;0.4167642653135276
1691;1845;0.4166713070126356
1692;1845.5;0.4165719427638094
1693;1846;0.41646755553056386
1694;1846.5;0.41635952917641356
1695;1847;0.41624924736487295
1696;1847.5;0.4161380941594568
1697;1848;0.4160274533236795
1698;1848.5;0.41591870862105573
1699;1849;0.4158132441151001
1700;1849.5;0.4157119440845629
1701;1850;0.41561189542075916
1702;1850.5;0.4155150734889731
1703;1851;0.41542141560352935
1704;1851.5;0.4153305808787525
1705;1852;0.4152422282289672
1706;1852.5;0.41515601656849804
1707;1853;0.4150716051116695
1708;1853.5;0.41498865267280616
1709;1854;0.41490681836623267
1710;1854.5;0.41482538113040884
1711;1855;0.4147395969783899
1712;1855.5;0.4146462797931324
1713;1856;0.4145476715409565
1714;1856.5;0.4144463357881823
1715;1857;0.4143448363011298
1716;1857.5;0.4142457366461193
1717;1858;0.4141516004894708
1718;1858.5;0.4140649916975046
1719;1859;0.4139884737365406
1720;1859.5;0.4139242794987149
1721;1860;0.4138700027555329
1722;1860.5;0.4138188507017061
1723;1861;0.4137705805413246
1724;1861.5;0.41372545707847774
1725;1862;0.4136837447172555
1726;1862.5;0.4136457080617476
1727;1863;0.4136116117160439
1728;1863.5;0.4135817202842338
1729;1864;0.4135562983704074
1730;1864.5;0.4135373630846176
1731;1865;0.41353529008207845
1732;1865.5;0.41355025305799253
1733;1866;0.41357974960293775
1734;1866.5;0.4136212356074921
1735;1867;0.41367216706223325
1736;1867.5;0.41372999955773926
1737;1868;0.4137921890845881
1738;1868.5;0.4138561914333576
1739;1869;0.41391946249462575
1740;1869.5;0.4139852232928087
1741;1870;0.4140788665878673
1742;1870.5;0.41419842602822177
1743;1871;0.4143403027302427
1744;1871.5;0.4145010118103009
1745;1872;0.4146770681847668
1746;1872.5;0.414864986970011
1747;1873;0.4150612832824043
1748;1873.5;0.41526247223831714
1749;1874;0.4154650687541201
1750;1874.5;0.41567281874511874
1751;1875;0.4159123006013302
1752;1875.5;0.4161828478126635
1753;1876;0.41648140607326506
1754;1876.5;0.4168049571772813
1755;1877;0.4171504829188583
1756;1877.5;0.41751496519214265
1757;1878;0.4178953857912807
1758;1878.5;0.41828872661041866
1759;1879;0.418691969443703
1760;1879.5;0.4191111781324586
1761;1880;0.41957253461421207
1762;1880.5;0.4200734982406201
1763;1881;0.4206097409074486
1764;1881.5;0.42117694551046236
1765;1882;0.421770795245427
1766;1882.5;0.4223869731081079
1767;1883;0.42302116219427016
1768;1883.5;0.4236690454996793
1769;1884;0.4243263062201007
1770;1884.5;0.42499829918200194
1771;1885;0.42570539743356983
1772;1885.5;0.4264431440308897
1773;1886;0.42720592540405333
1774;1886.5;0.427988130283153
1775;1887;0.42878414739828064
1776;1887.5;0.42958836547952817
1777;1888;0.4303951733569876
1778;1888.5;0.43119895966075117
1779;1889;0.4319941134209107
1780;1889.5;0.43278528810199557
1781;1890;0.4335882078430336
1782;1890.5;0.4343994328208408
1783;1891;0.43521523708151355
1784;1891.5;0.43603189547114757
1785;1892;0.43684568233583915
1786;1892.5;0.4376528722216844
1787;1893;0.4384497398747791
1788;1893.5;0.43923255974121966
1789;1894;0.43999760646710184
1790;1894.5;0.44074475285095566
1791;1895;0.4414795511198661
1792;1895.5;0.4422041718018561
1793;1896;0.4429203429609611
1794;1896.5;0.4436297923612166
1795;1897;0.44433424796665816
1796;1897.5;0.44503543774132126
1797;1898;0.4457350895492415
1798;1898.5;0.44643493125445427
1799;1899;0.4471366909209952
1800;1899.5;0.4478365903725832
1801;1900;0.44852927602855114
1802;1900.5;0.44921604194457593
1803;1901;0.44989892926252095
1804;1901.5;0.4505799790242492
1805;1902;0.45126123217162395
1806;1902.5;0.4519447297465085
1807;1903;0.45263251289076595
1808;1903.5;0.45332662254625955
1809;1904;0.45402909599822944
1810;1904.5;0.454740945272014
1811;1905;0.4554623223319144
1812;1905.5;0.4561918233505242
1813;1906;0.45692739480043765
1814;1906.5;0.45766698325424837
1815;1907;0.4584085352845502
1816;1907.5;0.45914999736393725
1817;1908;0.45988931616500295
1818;1908.5;0.4606244381603415
1819;1909;0.4613533397590057
1820;1909.5;0.4620752611353914
1821;1910;0.46278907725822166
1822;1910.5;0.4634961862137196
1823;1911;0.4641988282881083
1824;1911.5;0.4648992435676111
1825;1912;0.4655996723384509
1826;1912.5;0.46630235468685105
1827;1913;0.46700953109903454
1828;1913.5;0.4677234414612247
1829;1914;0.46844626451720595
1830;1914.5;0.4691785408220771
1831;1915;0.46991495480268364
1832;1915.5;0.4706540493317771
1833;1916;0.47139587878210926
1834;1916.5;0.47214049742643194
1835;1917;0.47288795953749696
1836;1917.5;0.47363831938805595
1837;1918;0.4743916312508608
1838;1918.5;0.4751479493986631
1839;1919;0.4759078600206045
1840;1919.5;0.47667495460966036
1841;1920;0.47744738266000103
1842;1920.5;0.4782230592160873
1843;1921;0.47900008852237974
1844;1921.5;0.47977657522333905
1845;1922;0.4805506234634258
1846;1922.5;0.4813203376871004
1847;1923;0.4820838224388237
1848;1923.5;0.48283918186305624
1849;1924;0.48358585152074846
1850;1924.5;0.48432882427025314
1851;1925;0.4850686054098383
1852;1925.5;0.4858044508981398
1853;1926;0.48653555899379314
1854;1926.5;0.48726112765543395
1855;1927;0.4879803550416977
1856;1927.5;0.4886924392112199
1857;1928;0.48939657832263633
1858;1928.5;0.4900919704345824
1859;1929;0.49078080931325463
1860;1929.5;0.4914695160316243
1861;1930;0.492154685394402
1862;1930.5;0.4928334442446915
1863;1931;0.49350298112559693
1864;1931.5;0.4941604847802221
1865;1932;0.4948031436516712
1866;1932.5;0.495428146583048
1867;1933;0.49603268191745664
1868;1933.5;0.4966139383980009
1869;1934;0.49717742352956423
1870;1934.5;0.49773381856032817
1871;1935;0.4982787879449857
1872;1935.5;0.4988098729196169
1873;1936;0.4993246539203021
1874;1936.5;0.4998207108831217
1875;1937;0.5002956241441556
1876;1937.5;0.5007469737394843
1877;1938;0.5011723399051877
1878;1938.5;0.5015693028842149
1879;1939;0.5019545602446172
1880;1939.5;0.5023420470756791
1881;1940;0.5027248532259379
1882;1940.5;0.5030964459439302
1883;1941;0.5034502928781934
1884;1941.5;0.5037798615772645
1885;1942;0.5040786194896802
1886;1942.5;0.5043400341639778
1887;1943;0.5045575733486941
1888;1943.5;0.5047254258533069
1889;1944;0.5048718119992242
1890;1944.5;0.5050111006214185
1891;1945;0.5051396615067586
1892;1945.5;0.5052539659421125
1893;1946;0.5053504850143484
1894;1946.5;0.5054256897103351
1895;1947;0.5054760513169405
1896;1947.5;0.5054980407210333
1897;1948;0.5054881292094816
1898;1948.5;0.5054434289473001
1899;1949;0.505370588284768
1900;1949.5;0.50527301982638
1901;1950;0.5051532278765778
1902;1950.5;0.505014416839803
1903;1951;0.5048597908204973
1904;1951.5;0.5046925543231022
1905;1952;0.5045159115520595
1906;1952.5;0.504333066911811
1907;1953;0.5041472246067982
1908;1953.5;0.503958272264789
1909;1954;0.5037504872582252
1910;1954.5;0.5035232357461314
1911;1955;0.5032784409801003
1912;1955.5;0.5030180234117246
1913;1956;0.5027439028925964
1914;1956.5;0.5024579998743088
1915;1957;0.5021622344084541
1916;1957.5;0.501858526646625
1917;1958;0.501548796840414
1918;1958.5;0.5012300767197169
1919;1959;0.5008906923497001
1920;1959.5;0.5005329760073135
1921;1960;0.5001600103043699
1922;1960.5;0.4997748418526822
1923;1961;0.49938051686406304
1924;1961.5;0.49898008155032547
1925;1962;0.4985765823232823
1926;1962.5;0.4981730654947464
1927;1963;0.49777257727653035
1928;1963.5;0.49737218990317383
1929;1964;0.49696211515401567
1930;1964.5;0.49653769359708366
1931;1965;0.4961021168908113
1932;1965.5;0.49565886349363175
1933;1966;0.4952114123639788
1934;1966.5;0.4947632421602856
1935;1967;0.4943178315409857
1936;1967.5;0.49387865936451236
1937;1968;0.4934491788920979
1938;1968.5;0.49302992567798565
1939;1969;0.49261685496975594
1940;1969.5;0.4922056928796765
1941;1970;0.4917970575200147
1942;1970.5;0.49139157710303827
1943;1971;0.49098987944101485
1944;1971.5;0.4905925927462119
1945;1972;0.49020034483089725
1946;1972.5;0.4898137638073384
1947;1973;0.4894334286777884
1948;1973.5;0.4890593419302432
1949;1974;0.48869158283432734
1950;1974.5;0.488329452657389
1951;1975;0.48797214696677643
1952;1975.5;0.4876188614298377
1953;1976;0.487268791713921
1954;1976.5;0.48692113338637466
1955;1977;0.4865750821145469
1956;1977.5;0.4862298334657858
1957;1978;0.48588280608445694
1958;1978.5;0.4855256583633542
1959;1979;0.4851609194775035
1960;1979.5;0.4847932798822884
1961;1980;0.48442738833309196
1962;1980.5;0.48406789318529786
1963;1981;0.4837194429942895
1964;1981.5;0.4833866863154501
1965;1982;0.4830742715041635
1966;1982.5;0.48278684721581283
1967;1983;0.4825220542157117
1968;1983.5;0.48226803528944745
1969;1984;0.48202618521422586
1970;1984.5;0.4817978066471572
1971;1985;0.48158420414535197
1972;1985.5;0.4813866823659204
1973;1986;0.48120654576597255
1974;1986.5;0.4810450989026192
1975;1987;0.48090364653297035
1976;1987.5;0.4807834912354284
1977;1988;0.4806797198343319
1978;1988.5;0.4805866459011828
1979;1989;0.48050508322767815
1980;1989.5;0.480435736305515
1981;1990;0.48037928592639023
1982;1990.5;0.4803364128820011
1983;1991;0.48030779786404443
1984;1991.5;0.48029412186421716
1985;1992;0.48029606547421644
1986;1992.5;0.48031540086112123
1987;1993;0.48037280832618034
1988;1993.5;0.48047255261931676
1989;1994;0.4806094673981347
1990;1994.5;0.4807786976202384
1991;1995;0.4809753883432319
1992;1995.5;0.4811946845247193
1993;1996;0.48143173132230493
1994;1996.5;0.48168167369359266
1995;1997;0.4819396567961869
1996;1997.5;0.48220914137774534
1997;1998;0.48252872192188623
1998;1998.5;0.4828974519550008
1999;1999;0.48330840152967686
2000;1999.5;0.48375474349850156
2001;2000;0.4842296510140625
2002;2000.5;0.484726297228947
2003;2001;0.4852378548957425
2004;2001.5;0.48575749736703655
2005;2002;0.4862783974954163
2006;2002.5;0.48681126912865336
2007;2003;0.4873847640609766
2008;2003.5;0.4879897952836384
2009;2004;0.4886167201575679
2010;2004.5;0.4892561313436947
2011;2005;0.4898986214029481
2012;2005.5;0.4905347830962573
2013;2006;0.4911552088845519
2014;2006.5;0.49175049162876106
2015;2007;0.492311361297394
2016;2007.5;0.4928567139656301
2017;2008;0.4934013368144239
2018;2008.5;0.4939404605218211
2019;2009;0.4944688087658672
2020;2009.5;0.49498106832460775
2021;2010;0.4954719255760886
2022;2010.5;0.49593606739835516
2023;2011;0.4963681802694532
2024;2011.5;0.4967629509674282
2025;2012;0.4971168375568785
2026;2012.5;0.4974463525211418
2027;2013;0.4977564259210901
2028;2013.5;0.4980471832747323
2029;2014;0.49832100670007656
2030;2014.5;0.49858028001513166
2031;2015;0.49882738723790576
2032;2015.5;0.49906471228640753
2033;2016;0.4992946389786452
2034;2016.5;0.49951955143262755
2035;2017;0.4997391369391451
2036;2017.5;0.499947310798783
2037;2018;0.5001447725944115
2038;2018.5;0.5003340030389156
2039;2019;0.5005183638451811
2040;2019.5;0.5007012169260936
2041;2020;0.500885924094538
2042;2020.5;0.5010758470634
2043;2021;0.501274347845565
2044;2021.5;0.5014847880539186
2045;2022;0.5017086071185866
2046;2022.5;0.5019447217492152
2047;2023;0.502191237072708
2048;2023.5;0.5024487155415687
2049;2024;0.5027181533083012
2050;2024.5;0.5030005463254092
2051;2025;0.5032968903453965
2052;2025.5;0.5036081814207669
2053;2026;0.5039354156040241
2054;2026.5;0.5042817877765318
2055;2027;0.5046847382713059
2056;2027.5;0.5051526115981937
2057;2028;0.5056778281754802
2058;2028.5;0.5062541187214509
2059;2029;0.5068752641543908
2060;2029.5;0.5075350456925853
2061;2030;0.5082272443543199
2062;2030.5;0.5089456410578792
2063;2031;0.5096840170215489
2064;2031.5;0.5104520602860017
2065;2032;0.5113050468201943
2066;2032.5;0.51224182051375
2067;2033;0.513254231700535
2068;2033.5;0.5143330896144148
2069;2034;0.5154692033892554
2070;2034.5;0.5166533822589225
2071;2035;0.517876435157282
2072;2035.5;0.5191291715181997
2073;2036;0.5204024002755415
2074;2036.5;0.5217230750848211
2075;2037;0.5231215342189011
2076;2037.5;0.524577466720832
2077;2038;0.5260765744367611
2078;2038.5;0.5276061817128356
2079;2039;0.5291536129952019
2080;2039.5;0.5307061926300072
2081;2040;0.5322512450633985
2082;2040.5;0.5337760946415229
2083;2041;0.5352736440331984
2084;2041.5;0.5368190624290129
2085;2042;0.5384219878244008
2086;2042.5;0.5400566861229806
2087;2043;0.5416955190283701
2088;2043.5;0.5433108125441872
2089;2044;0.54487489297405
2090;2044.5;0.5463600863215766
2091;2045;0.5477387187903847
2092;2045.5;0.5489831163840926
2093;2046;0.550094360137943
2094;2046.5;0.551147313706206
2095;2047;0.5521346068177901
2096;2047.5;0.5530433157066745
2097;2048;0.5538590686068383
2098;2048.5;0.5545674936522598
2099;2049;0.5551542193769188
2100;2049.5;0.5556048737147938
2101;2050;0.5559050851998638
2102;2050.5;0.5560404701616184
2103;2051;0.5559697356855661
2104;2051.5;0.5556794718028997
2105;2052;0.5551904403788503
2106;2052.5;0.55452388707865
2107;2053;0.55370164886753
2108;2053.5;0.5527455624107224
2109;2054;0.5516774645734583
2110;2054.5;0.5505191922209696
2111;2055;0.5492925821184876
2112;2055.5;0.5480005795227197
2113;2056;0.5464934722981033
2114;2056.5;0.5447676815324589
2115;2057;0.5428660894632973
2116;2057.5;0.5408304238281298
2117;2058;0.538702318564467
2118;2058.5;0.5365234078098202
2119;2059;0.5343353256017
2120;2059.5;0.5321797060776176
2121;2060;0.5300981832750835
2122;2060.5;0.5280656535228904
2123;2061;0.5259697823084835
2124;2061.5;0.5238301581885569
2125;2062;0.5216714069862449
2126;2062.5;0.5195186864246816
2127;2063;0.5173971542270006
2128;2063.5;0.5153319684163364
2129;2064;0.513348286715823
2130;2064.5;0.5114712670485939
2131;2065;0.5097238641958143
2132;2065.5;0.5080423694981038
2133;2066;0.5063962278974863
2134;2066.5;0.5047967819670294
2135;2067;0.5032561966798006
2136;2067.5;0.5017868771088678
2137;2068;0.5004012284272986
2138;2068.5;0.4991116554081604
2139;2069;0.497930563224521
2140;2069.5;0.49687035694944787
2141;2070;0.49591880467259875
2142;2070.5;0.4949842036170777
2143;2071;0.49406723880053144
2144;2071.5;0.4931796374774384
2145;2072;0.49233526820227735
2146;2072.5;0.4915480725295264
2147;2073;0.49083199151366425
2148;2073.5;0.49020096650916944
2149;2074;0.4896689387705203
2150;2074.5;0.4892498417256112
2151;2075;0.48888735940107075
2152;2075.5;0.4885252727542492
2153;2076;0.48817302352005454
2154;2076.5;0.48783903603339535
2155;2077;0.4875315226291795
2156;2077.5;0.48725869564231533
2157;2078;0.487028767207711
2158;2078.5;0.48684994976027485
2159;2079;0.4867304554349149
2160;2079.5;0.48667167554892793
2161;2080;0.48662673402569234
2162;2080.5;0.4865846734063942
2163;2081;0.48654345630749374
2164;2081.5;0.4865059807454507
2165;2082;0.48647573463672505
2166;2082.5;0.48645620579777704
2167;2083;0.4864508821450665
2168;2083.5;0.4864632513950533
2169;2084;0.4864968015641975
2170;2084.5;0.4865529268316309
2171;2085;0.48663057290826456
2172;2085.5;0.4867255424102165
2173;2086;0.48683102379548177
2174;2086.5;0.4869458250220555
2175;2087;0.4870687662479328
2176;2087.5;0.4871986675311087
2177;2088;0.48733434872957815
2178;2088.5;0.48747462990133644
2179;2089;0.4876188812949632
2180;2089.5;0.4877731883918357
2181;2090;0.4879390404621439
2182;2090.5;0.48811603588298985
2183;2091;0.48830320263147575
2184;2091.5;0.48849942208470365
2185;2092;0.48870357531977576
2186;2092.5;0.4889145439137943
2187;2093;0.48913120914386143
2188;2093.5;0.4893524521870793
2189;2094;0.48958174327529064
2190;2094.5;0.4898268092574365
2191;2095;0.49008585411241345
2192;2095.5;0.4903576231603103
2193;2096;0.49064053832121574
2194;2096.5;0.49093300231521847
2195;2097;0.49123341786240715
2196;2097.5;0.49154018768287067
2197;2098;0.4918517145966975
2198;2098.5;0.4921669168927621
2199;2099;0.4924942724578033
2200;2099.5;0.492836946434405
2201;2100;0.49319539045241817
2202;2100.5;0.4935686541416936
2203;2101;0.4939551030320818
2204;2101.5;0.4943531030534337
2205;2102;0.4947610198356001
2206;2102.5;0.4951772192084317
2207;2103;0.49560006700177917
2208;2103.5;0.4960318480846655
2209;2104;0.4964797140670771
2210;2104.5;0.4969391806920636
2211;2105;0.497401843699798
2212;2105.5;0.4978676483304536
2213;2106;0.49833718952420386
2214;2106.5;0.4988110624212217
2215;2107;0.49928986206168025
2216;2107.5;0.4997741833857529
2217;2108;0.5002649891937272
2218;2108.5;0.5007711175613957
2219;2109;0.5012974734663482
2220;2109.5;0.5018406907537927
2221;2110;0.502397071868936
2222;2110.5;0.5029656477569862
2223;2111;0.5035454491631505
2224;2111.5;0.5041355070326364
2225;2112;0.5047348520106516
2226;2112.5;0.5053425150424036
2227;2113;0.5059610311266247
2228;2113.5;0.5065965437013041
2229;2114;0.5072465355266299
2230;2114.5;0.5079091368120296
2231;2115;0.5085813323669315
2232;2115.5;0.5092599449007628
2233;2116;0.5099417974229514
2234;2116.5;0.5106237126429249
2235;2117;0.5113025135701113
2236;2117.5;0.5119761523102622
2237;2118;0.5126606938378899
2238;2118.5;0.513357377874614
2239;2119;0.5140587165218797
2240;2119.5;0.5147581895811328
2241;2120;0.5154504974538187
2242;2120.5;0.5161303402413832
2243;2121;0.5167924183452715
2244;2121.5;0.5174314320669293
2245;2122;0.5180420817078021
2246;2122.5;0.5186283238128977
2247;2123;0.519205728195349
2248;2123.5;0.5197737887111511
2249;2124;0.5203297853417466
2250;2124.5;0.5208715376685774
2251;2125;0.5213970437730865
2252;2125.5;0.5219043017367158
2253;2126;0.5223913094409077
2254;2126.5;0.5228560648671047
2255;2127;0.523297798819635
2256;2127.5;0.5237286462930972
2257;2128;0.5241501389726128
2258;2128.5;0.524560500730941
2259;2129;0.524958149140842
2260;2129.5;0.5253408557750758
2261;2130;0.5257063920064018
2262;2130.5;0.5260525296075802
2263;2131;0.5263770398513707
2264;2131.5;0.5266776944105335
2265;2132;0.5269587057794184
2266;2132.5;0.5272286167429815
2267;2133;0.527488077439831
2268;2133.5;0.5277379073402829
2269;2134;0.527978580414654
2270;2134.5;0.5282105164332604
2271;2135;0.5284341350664183
2272;2135.5;0.5286498561844446
2273;2136;0.5288580995576554
2274;2136.5;0.5290581061713918
2275;2137;0.5292435695101745
2276;2137.5;0.5294163849756667
2277;2138;0.529579141559749
2278;2138.5;0.5297351422543018
2279;2139;0.5298887062512063
2280;2139.5;0.5300441526423434
2281;2140;0.5302058004195935
2282;2140.5;0.5303779685748375
2283;2141;0.5305649652880495
2284;2141.5;0.5307661066993716
2285;2142;0.5309790746273
2286;2142.5;0.5312043887591422
2287;2143;0.5314415597822062
2288;2143.5;0.5316900010837994
2289;2144;0.5319491713512294
2290;2144.5;0.5322185290718043
2291;2145;0.5324975327328315
2292;2145.5;0.5327856408216186
2293;2146;0.5330856158907921
2294;2146.5;0.5334081901926682
2295;2147;0.5337530219334589
2296;2147.5;0.5341206220424048
2297;2148;0.5345107537487463
2298;2148.5;0.5349218592817238
2299;2149;0.5353523806705779
2300;2149.5;0.5358007598445488
2301;2150;0.5362654388328773
2302;2150.5;0.5367459394843784
2303;2151;0.5372637431820645
2304;2151.5;0.5378220652712541
2305;2152;0.538411228691404
2306;2152.5;0.5390183333819717
2307;2153;0.5396389643824138
2308;2153.5;0.5402693573321876
2309;2154;0.5409057475707503
2310;2154.5;0.5415443707375589
2311;2155;0.5421814621720702
2312;2155.5;0.5428238063744156
2313;2156;0.5434885583595085
2314;2156.5;0.544177691752272
2315;2157;0.5448893581441814
2316;2157.5;0.5456194206267112
2317;2158;0.5463642393913364
2318;2158.5;0.5471201748295317
2319;2159;0.5478835872327721
2320;2159.5;0.5486508367925325
2321;2160;0.5494212727301689
2322;2160.5;0.5502082911854802
2323;2161;0.5510066201323985
2324;2161.5;0.5518081857129452
2325;2162;0.5526080350691415
2326;2162.5;0.5534015824430083
2327;2163;0.5541842187765671
2328;2163.5;0.5549513354118388
2329;2164;0.5556983232908449
2330;2164.5;0.5564207405616073
2331;2165;0.5571283910647595
2332;2165.5;0.5578308644244446
2333;2166;0.5585305358787389
2334;2166.5;0.5592286716657195
2335;2167;0.559923934623463
2336;2167.5;0.5606146811900464
2337;2168;0.5612992676035465
2338;2168.5;0.56197605030204
2339;2169;0.5626433855236037
2340;2169.5;0.5633029002581047
2341;2170;0.5639580319812794
2342;2170.5;0.5646032307454244
2343;2171;0.5652347757551255
2344;2171.5;0.5658507734149685
2345;2172;0.5664477546295392
2346;2172.5;0.5670222482034236
2347;2173;0.5675707831412075
2348;2173.5;0.5680898882474766
2349;2174;0.5685783980559446
2350;2174.5;0.5690510546027212
2351;2175;0.5695094847768042
2352;2175.5;0.569950496959091
2353;2176;0.570367338130478
2354;2176.5;0.5707588079718625
2355;2177;0.5711244052641415
2356;2177.5;0.5714636290882119
2357;2178;0.5717759782249706
2358;2178.5;0.5720611855197472
2359;2179;0.5723384278598823
2360;2179.5;0.5726172902459898
2361;2180;0.572893626520541
2362;2180.5;0.5731590742260066
2363;2181;0.5734060307048582
2364;2181.5;0.5736286304995666
2365;2182;0.573821008252603
2366;2182.5;0.5739772984064386
2367;2183;0.5740916357035444
2368;2183.5;0.5741776562129293
2369;2184;0.5742678641027097
2370;2184.5;0.5743558638814212
2371;2185;0.5744340404664144
2372;2185.5;0.5744947404750398
2373;2186;0.5745305220246483
2374;2186.5;0.5745339479325899
2375;2187;0.5744975811162157
2376;2187.5;0.5744139844928761
2377;2188;0.5742818728590147
2378;2188.5;0.5741326484425079
2379;2189;0.573972826067778
2380;2189.5;0.5738034256469826
2381;2190;0.5736248000922796
2382;2190.5;0.5734381212158265
2383;2191;0.5732447359297813
2384;2191.5;0.5730459913463015
2385;2192;0.5728432342775449
2386;2192.5;0.5726375974369786
2387;2193;0.572424914480959
2388;2193.5;0.5722047868630279
2389;2194;0.5719794871742272
2390;2194.5;0.5717525254055988
2391;2195;0.5715259231481851
2392;2195.5;0.5713005234930277
2393;2196;0.5710771694311688
2394;2196.5;0.5708567040536504
2395;2197;0.5706399703515144
2396;2197.5;0.5704270949011547
2397;2198;0.5702155775994372
2398;2198.5;0.5700023546317299
2399;2199;0.5697833080973812
2400;2199.5;0.5695549930957384
2401;2200;0.5693178378261504
2402;2200.5;0.5690723771879647
2403;2201;0.5688191466805294
2404;2201.5;0.5685586813031926
2405;2202;0.5682906012353177
2406;2202.5;0.5680147332521345
2407;2203;0.5677355572202546
2408;2203.5;0.5674565776978662
2409;2204;0.5671733522431573
2410;2204.5;0.5668872523143159
2411;2205;0.5666012066695301
2412;2205.5;0.5663181440669878
2413;2206;0.566040993364877
2414;2206.5;0.5657721156653712
2415;2207;0.5655086645553118
2416;2207.5;0.5652485007847724
2417;2208;0.5649901340573911
2418;2208.5;0.5647321030768053
2419;2209;0.5644708683466536
2420;2209.5;0.5642021955705733
2421;2210;0.5639218505522025
2422;2210.5;0.563625598895179
2423;2211;0.5633082542558435
2424;2211.5;0.5629415368862825
2425;2212;0.562520879731435
2426;2212.5;0.5620557218268495
2427;2213;0.5615557827080742
2428;2213.5;0.5610335381106573
2429;2214;0.5605028772701474
2430;2214.5;0.5599776971220926
2431;2215;0.5594718945020409
2432;2215.5;0.5589993663455411
2433;2216;0.5585439560354237
2434;2216.5;0.5580858470020595
2435;2217;0.5576340510388247
2436;2217.5;0.5571977229871521
2437;2218;0.5567843356884754
2438;2218.5;0.5563978148842271
2439;2219;0.5560418412158408
2440;2219.5;0.5557200958247492
2441;2220;0.5554362594523857
2442;2220.5;0.5551858780468134
2443;2221;0.5549505842324549
2444;2221.5;0.5547246773626751
2445;2222;0.554502641770681
2446;2222.5;0.5542764782896796
2447;2223;0.5540466977528785
2448;2223.5;0.5538162481934847
2449;2224;0.5535880776447053
2450;2224.5;0.5533651340397476
2451;2225;0.5531461438694909
2452;2225.5;0.5529206624770332
2453;2226;0.5526989505129845
2454;2226.5;0.5524934162030446
2455;2227;0.5523149863729133
2456;2227.5;0.5521668841482903
2457;2228;0.5520500721548751
2458;2228.5;0.5519655129183676
2459;2229;0.5519141687644674
2460;2229.5;0.5518945584107169
2461;2230;0.5518843510518442
2462;2230.5;0.5518721949155051
2463;2231;0.5518509265647882
2464;2231.5;0.5518207510627824
2465;2232;0.551794326572576
2466;2232.5;0.5517726632572579
2467;2233;0.5517563099799165
2468;2233.5;0.551745815703641
2469;2234;0.5517422720909184
2470;2234.5;0.5517573266053442
2471;2235;0.5517948805750977
2472;2235.5;0.5518541105899014
2473;2236;0.551933055639477
2474;2236.5;0.5520251932135468
2475;2237;0.5521285041018329
2476;2237.5;0.5522416804940571
2477;2238;0.5523634147799419
2478;2238.5;0.5524927791106334
2479;2239;0.5526681471306343
2480;2239.5;0.5529099840708002
2481;2240;0.5532101207520295
2482;2240.5;0.5535610023952208
2483;2241;0.5539610928212724
2484;2241.5;0.554400497051083
2485;2242;0.5548665378055512
2486;2242.5;0.5553465373055755
2487;2243;0.5558278182720542
2488;2243.5;0.5563257799888595
2489;2244;0.5568626627891775
2490;2244.5;0.5574305728757482
2491;2245;0.55802169490255
2492;2245.5;0.558637201323562
2493;2246;0.5592768478927618
2494;2246.5;0.5599353559641285
2495;2247;0.5606074465916409
2496;2247.5;0.5612878412292769
2497;2248;0.5619872681866385
2498;2248.5;0.5627285486460878
2499;2249;0.5635065559536574
2500;2249.5;0.5643156206141745
2501;2250;0.5651468175324671

