Sample name;1262-DVS1724S3501
Subsample name;子样品1
Subsample status;Finished
Operating procedure;OP:PA6采谱
Determination start;2026-05-19 01:59:48Z

MEAS SPEC;记录光谱 1;Met：PA6采谱  1
MP list
#;Wavelength / nm;Absorbance / AU
1;1000;0.35857591006045764
2;1000.5;0.3585770214926309
3;1001;0.3585573504067911
4;1001.5;0.35852432130377754
5;1002;0.35848324135891874
6;1002.5;0.3584394175475431
7;1003;0.3583981570449791
8;1003.5;0.35836476702655506
9;1004;0.35834455446759955
10;1004.5;0.3583428264434409
11;1005;0.35836489022940765
12;1005.5;0.3584136226785216
13;1006;0.3584814978641962
14;1006.5;0.3585634361158464
15;1007;0.35865523274443556
16;1007.5;0.3587526833609269
17;1008;0.35885158347628376
18;1008.5;0.3589477284014695
19;1009;0.3590369138474473
20;1009.5;0.35911493532518046
21;1010;0.3591775887581298
22;1010.5;0.3592277937855394
23;1011;0.3592790887084262
24;1011.5;0.3593311189504368
25;1012;0.3593822971352182
26;1012.5;0.3594310358864169
27;1013;0.35947574772767976
28;1013.5;0.35951484518265353
29;1014;0.35954674087498495
30;1014.5;0.35956984742832077
31;1015;0.359582927299166
32;1015.5;0.3595954823254405
33;1016;0.359605281100776
34;1016.5;0.3596123055054465
35;1017;0.359616980719726
36;1017.5;0.3596197318238884
37;1018;0.35962098399820785
38;1018.5;0.35962116232295815
39;1019;0.35962069197841345
40;1019.5;0.35961999804484757
41;1020;0.35961981289826517
42;1020.5;0.35962310133057185
43;1021;0.3596280513158395
44;1021.5;0.3596350529349146
45;1022;0.35964455116864374
46;1022.5;0.3596569908978735
47;1023;0.3596728172034503
48;1023.5;0.3596924751662206
49;1024;0.35971640956703105
50;1024.5;0.3597450655867282
51;1025;0.35977738921672053
52;1025.5;0.35981021602384927
53;1026;0.3598478637304332
54;1026.5;0.35988892141848366
55;1027;0.35993197847001235
56;1027.5;0.35997562386703075
57;1028;0.3600184468915503
58;1028.5;0.36005903662558286
59;1029;0.3600959823511397
60;1029.5;0.3601278731502324
61;1030;0.36015418410342387
62;1030.5;0.36017590297311985
63;1031;0.36019318433466535
64;1031.5;0.3602073158131501
65;1032;0.36021958533366366
66;1032.5;0.3602312807212958
67;1033;0.36024368980113597
68;1033.5;0.360258100498274
69;1034;0.3602758004377994
70;1034.5;0.36029807754480164
71;1035;0.3603303955876903
72;1035.5;0.3603774216547802
73;1036;0.3604334718493366
74;1036.5;0.3604950289020469
75;1037;0.36055857514359835
76;1037.5;0.3606205933046783
77;1038;0.3606775658159742
78;1038.5;0.3607259754081732
79;1039;0.3607623045119628
80;1039.5;0.36078303585803007
81;1040;0.36078424820622984
82;1040.5;0.3607678276160368
83;1041;0.36073771758670103
84;1041.5;0.36069701378900876
85;1042;0.3606488116937464
86;1042.5;0.36059620697170036
87;1043;0.36054229489365686
88;1043.5;0.36049017123040233
89;1044;0.360442931452723
90;1044.5;0.36040367113140537
91;1045;0.3603650124581142
92;1045.5;0.36032675363905614
93;1046;0.360292768352529
94;1046.5;0.360264056315234
95;1047;0.36024161704387236
96;1047.5;0.36022645015514543
97;1048;0.3602195551657546
98;1048.5;0.3602219316924011
99;1049;0.3602345794517862
100;1049.5;0.36025846901569597
101;1050;0.36028490502872634
102;1050.5;0.3603159411633528
103;1051;0.36035174896481725
104;1051.5;0.3603901868783616
105;1052;0.36042911354922746
106;1052.5;0.3604663874226567
107;1053;0.3604998672438911
108;1053.5;0.36052741135817234
109;1054;0.36054687831074217
110;1054.5;0.3605561461387342
111;1055;0.36055507339000586
112;1055.5;0.360547617224077
113;1056;0.36053559045230915
114;1056.5;0.3605204128860633
115;1057;0.3605035044367007
116;1057.5;0.36048628491558254
117;1058;0.36047017413407023
118;1058.5;0.36045659190352497
119;1059;0.36044695823530776
120;1059.5;0.36044287203544495
121;1060;0.3604498915008194
122;1060.5;0.3604690553921438
123;1061;0.36049719967264704
124;1061.5;0.3605310418055578
125;1062;0.36056729915410485
126;1062.5;0.36060268928151706
127;1063;0.36063392965102314
128;1063.5;0.360657737625852
129;1064;0.3606708306692323
130;1064.5;0.36066961700834
131;1065;0.3606477422165383
132;1065.5;0.36060641352278455
133;1066;0.3605500935509797
134;1066.5;0.36048327902502486
135;1067;0.36041046646882097
136;1067.5;0.360336152706269
137;1068;0.3602648342612699
138;1068.5;0.3602010080577246
139;1069;0.36014917051953405
140;1069.5;0.36011384749335784
141;1070;0.3600958415359529
142;1070.5;0.3600884675775369
143;1071;0.3600891362199201
144;1071.5;0.3600954960649136
145;1072;0.36010519581432787
146;1072.5;0.36011588436997366
147;1073;0.36012521043366175
148;1073.5;0.36013082270720276
149;1074;0.3601303699924074
150;1074.5;0.36012305886837986
151;1075;0.36011688477994525
152;1075.5;0.36011055385011675
153;1076;0.3601040330558022
154;1076.5;0.3600973979739092
155;1077;0.3600907243813456
156;1077.5;0.36008408795501906
157;1078;0.3600775642718371
158;1078.5;0.3600712291087077
159;1079;0.36006515804253836
160;1079.5;0.36005868797686913
161;1080;0.3600470897286255
162;1080.5;0.36002869162352313
163;1081;0.3600051445555118
164;1081.5;0.3599781606185416
165;1082;0.35994945220656216
166;1082.5;0.3599207314135234
167;1083;0.35989371033337497
168;1083.5;0.3598701012600669
169;1084;0.35985161638754903
170;1084.5;0.3598378939758294
171;1085;0.3598215359160568
172;1085.5;0.359803739531986
173;1086;0.35978566975494974
174;1086.5;0.35976847441628046
175;1087;0.35975330144731094
176;1087.5;0.3597412985793738
177;1088;0.3597336136438017
178;1088.5;0.3597313945719274
179;1089;0.3597357891950833
180;1089.5;0.359749035874271
181;1090;0.3597740889309267
182;1090.5;0.35980788381599843
183;1091;0.359847975331815
184;1091.5;0.35989192638070505
185;1092;0.35993729996499735
186;1092.5;0.3599816592870206
187;1093;0.3600225671491035
188;1093.5;0.3600575868535748
189;1094;0.36008428130276304
190;1094.5;0.36010314325970794
191;1095;0.3601225857931747
192;1095.5;0.3601425323788702
193;1096;0.36016241149748723
194;1096.5;0.36018165392971824
195;1097;0.36019969035625604
196;1097.5;0.36021595185779326
197;1098;0.3602298689150226
198;1098.5;0.3602408726086367
199;1099;0.360248393519328
200;1099.5;0.3602519534048646
201;1100;0.3602521658068391
202;1100.5;0.3602499789482664
203;1101;0.3602456831709998
204;1101.5;0.3602395669168926
205;1102;0.360231918327798
206;1102.5;0.3602230257455693
207;1103;0.3602131775120599
208;1103.5;0.36020266176912286
209;1104;0.3601917668586115
210;1104.5;0.36017993859014524
211;1105;0.3601655973729524
212;1105.5;0.36014958808703246
213;1106;0.3601323948599629
214;1106.5;0.36011450081932145
215;1107;0.3600963890926859
216;1107.5;0.3600785428076338
217;1108;0.3600614451917429
218;1108.5;0.36004557937259074
219;1109;0.36003142837775537
220;1109.5;0.3600185020337069
221;1110;0.36000517135440796
222;1110.5;0.3599922953803446
223;1111;0.3599802834981023
224;1111.5;0.35996954429426664
225;1112;0.3599604863554234
226;1112.5;0.3599535179681578
227;1113;0.3599490479190555
228;1113.5;0.3599474844947021
229;1114;0.3599492362816831
230;1114.5;0.3599570020270262
231;1115;0.3599745023844076
232;1115.5;0.35999895925479947
233;1116;0.36002908222283714
234;1116.5;0.3600635838731561
235;1117;0.3601011769903919
236;1117.5;0.36014057415917966
237;1118;0.3601804880641551
238;1118.5;0.36021963128995343
239;1119;0.36025671652121016
240;1119.5;0.3602933655406044
241;1120;0.3603344725854565
242;1120.5;0.3603778486951954
243;1121;0.360422858931926
244;1121.5;0.3604688732577531
245;1122;0.3605152615347817
246;1122.5;0.36056139372511664
247;1123;0.36060663969086265
248;1123.5;0.36065036939412487
249;1124;0.3606919528970079
250;1124.5;0.36073223386962827
251;1125;0.3607719307114648
252;1125.5;0.36080843668646695
253;1126;0.36084276461111187
254;1126.5;0.3608759409018766
255;1127;0.36090899197523807
256;1127.5;0.36094294424767337
257;1128;0.3609788241356594
258;1128.5;0.3610176579556733
259;1129;0.36106047222419224
260;1129.5;0.3611091539682501
261;1130;0.36116424433899796
262;1130.5;0.3612220213129514
263;1131;0.36128173584011575
264;1131.5;0.36134266037049667
265;1132;0.3614040671540996
266;1132.5;0.3614652283409302
267;1133;0.36152541638099384
268;1133.5;0.36158390362429615
269;1134;0.3616399622208427
270;1134.5;0.3616919851071875
271;1135;0.36173813984230063
272;1135.5;0.36178015838020494
273;1136;0.36181947510466667
274;1136.5;0.36185751859945203
275;1137;0.3618957180483274
276;1137.5;0.3619355022350589
277;1138;0.3619783000434126
278;1138.5;0.362025540357155
279;1139;0.36207865216005225
280;1139.5;0.36213900199487814
281;1140;0.3622094054093108
282;1140.5;0.3622925318608088
283;1141;0.3623862161110476
284;1141.5;0.36248822272170306
285;1142;0.3625963166544509
286;1142.5;0.3627082627709667
287;1143;0.3628218258329263
288;1143.5;0.3629347708020053
289;1144;0.3630448622398793
290;1144.5;0.36315308467705887
291;1145;0.3632683460743633
292;1145.5;0.3633921568934012
293;1146;0.363523632171157
294;1146.5;0.36366183484461495
295;1147;0.3638058277507594
296;1147.5;0.36395467392657493
297;1148;0.36410743610904567
298;1148.5;0.3642631774351562
299;1149;0.3644209606418908
300;1149.5;0.364583280077595
301;1150;0.36475932675716305
302;1150.5;0.36494503290851343
303;1151;0.36513810197930036
304;1151.5;0.3653363373171782
305;1152;0.3655375424698012
306;1152.5;0.3657395208848238
307;1153;0.36594007600990036
308;1153.5;0.36613701119268516
309;1154;0.3663281299808326
310;1154.5;0.36651424799376386
311;1155;0.36670465884843917
312;1155.5;0.36689647292630156
313;1156;0.3670882641759531
314;1156.5;0.3672787512459962
315;1157;0.3674666527850332
316;1157.5;0.3676506875416664
317;1158;0.3678295741644981
318;1158.5;0.3680020314021306
319;1159;0.3681667779031662
320;1159.5;0.36832311578396953
321;1160;0.3684743376752987
322;1160.5;0.3686236559127319
323;1161;0.3687720285473316
324;1161.5;0.3689202905301607
325;1162;0.3690692770122817
326;1162.5;0.3692198230447576
327;1163;0.3693727637786507
328;1163.5;0.36952893406502413
329;1164;0.3696891691549403
330;1164.5;0.36985289624338036
331;1165;0.3700151901336712
332;1165.5;0.37018296840164155
333;1166;0.3703563830962862
334;1166.5;0.37053481836659985
335;1167;0.37071765886157726
336;1167.5;0.37090428883021337
337;1168;0.3710940925215029
338;1168.5;0.3712864544844406
339;1169;0.37148075896802124
340;1169.5;0.37167723987276124
341;1170;0.3718820635967869
342;1170.5;0.37210241602481214
343;1171;0.3723375025207713
344;1171.5;0.3725854914485989
345;1172;0.3728445510722291
346;1172.5;0.3731128496555963
347;1173;0.3733885555626347
348;1173.5;0.37366983695727873
349;1174;0.37395486220346275
350;1174.5;0.37424328988193134
351;1175;0.3745464666857923
352;1175.5;0.37486528858763785
353;1176;0.37519698995962025
354;1176.5;0.3755386922738922
355;1177;0.37588751680260585
356;1177.5;0.3762405851179139
357;1178;0.37659501839196885
358;1178.5;0.37694793819692296
359;1179;0.3772964659049289
360;1179.5;0.37763865230485494
361;1180;0.37798399449924147
362;1180.5;0.37833442466678535
363;1181;0.3786883684851302
364;1181.5;0.37904431413192025
365;1182;0.37940074968479925
366;1182.5;0.3797561632214112
367;1183;0.38010904281939994
368;1183.5;0.3804578764564095
369;1184;0.3808011523100839
370;1184.5;0.3811375985826141
371;1185;0.38147079891362123
372;1185.5;0.3818042033814161
373;1186;0.3821373832400738
374;1186.5;0.38246913954367
375;1187;0.38279827344628004
376;1187.5;0.38312358620197917
377;1188;0.38344387896484305
378;1188.5;0.38375795278894687
379;1189;0.38406460902836603
380;1189.5;0.38436270389417954
381;1190;0.3846533033803511
382;1190.5;0.3849396934648713
383;1191;0.38522249568006045
384;1191.5;0.3855012516582388
385;1192;0.3857755029317264
386;1192.5;0.3860447910328437
387;1193;0.38630865769391065
388;1193.5;0.3865666445472477
389;1194;0.386818292925175
390;1194.5;0.38706319728597505
391;1195;0.387305144296246
392;1195.5;0.3875397638401402
393;1196;0.38776315303022574
394;1196.5;0.38797434047907053
395;1197;0.38817235479924295
396;1197.5;0.3883562243033107
397;1198;0.3885249777038419
398;1198.5;0.38867764351340484
399;1199;0.3888132503445673
400;1199.5;0.38893083273712686
401;1200;0.3890376381438815
402;1200.5;0.38913348360234246
403;1201;0.38921362078704497
404;1201.5;0.3892783510725244
405;1202;0.3893279760333163
406;1202.5;0.38936279714395583
407;1203;0.38938311577897844
408;1203.5;0.3893892336129192
409;1204;0.38938145202031393
410;1204.5;0.38936007257569755
411;1205;0.3893196286719649
412;1205.5;0.3892506939666832
413;1206;0.3891523600665518
414;1206.5;0.38902861746057227
415;1207;0.38888345643774636
416;1207.5;0.3887208674870755
417;1208;0.3885448407975615
418;1208.5;0.38835936695820594
419;1209;0.3881684361580105
420;1209.5;0.38797603888597665
421;1210;0.3877682289582379
422;1210.5;0.38751615449036425
423;1211;0.3872221552238262
424;1211.5;0.38689343986359676
425;1212;0.3865372491146489
426;1212.5;0.3861608238819556
427;1213;0.3857714049704901
428;1213.5;0.38537623318522524
429;1214;0.3849825494311342
430;1214.5;0.3845975946131899
431;1215;0.384217184070575
432;1215.5;0.3838190264190415
433;1216;0.3834057057466919
434;1216.5;0.3829813593772589
435;1217;0.382550145334475
436;1217.5;0.3821162215420727
437;1218;0.38168374622378454
438;1218.5;0.381256877403343
439;1219;0.38083977310448075
440;1219.5;0.38043659135093033
441;1220;0.3800446542938428
442;1220.5;0.3796449481831742
443;1221;0.3792433791688412
444;1221.5;0.3788439880234037
445;1222;0.3784505261194215
446;1222.5;0.3780667446294542
447;1223;0.3776963950260619
448;1223.5;0.377343228381804
449;1224;0.37701099606924077
450;1224.5;0.3767034492609317
451;1225;0.37642023289789844
452;1225.5;0.3761427880197295
453;1226;0.3758707816680938
454;1226.5;0.37560636303135286
455;1227;0.3753515767978683
456;1227.5;0.3751084674560018
457;1228;0.3748790794941149
458;1228.5;0.3746654577005692
459;1229;0.3744696464637262
460;1229.5;0.3742936903719477
461;1230;0.3741386015459082
462;1230.5;0.3739959156433885
463;1231;0.373859510243265
464;1231.5;0.3737273219193095
465;1232;0.3735977608452936
466;1232.5;0.3734692368949889
467;1233;0.3733401601421671
468;1233.5;0.3732089404605997
469;1234;0.37307398792405844
470;1234.5;0.3729337125063149
471;1235;0.3727870775785074
472;1235.5;0.3726411145644471
473;1236;0.37249412409896127
474;1236.5;0.37234490355620203
475;1237;0.3721935792103216
476;1237.5;0.372040277835472
477;1238;0.3718851259058056
478;1238.5;0.37172824989547426
479;1239;0.37156977627863047
480;1239.5;0.37140983172942627
481;1240;0.3712483757648443
482;1240.5;0.3710799517178545
483;1241;0.3709041056860011
484;1241.5;0.37072305379313847
485;1242;0.3705389497631213
486;1242.5;0.3703539475198039
487;1243;0.37017020088704067
488;1243.5;0.36998986368868625
489;1244;0.3698150897485949
490;1244.5;0.36964803289062126
491;1245;0.36949080697259873
492;1245.5;0.369332181930387
493;1246;0.3691678976636966
494;1246.5;0.369003710598507
495;1247;0.36884285406079725
496;1247.5;0.36868856107654663
497;1248;0.3685440649717344
498;1248.5;0.3684125988723397
499;1249;0.36829739620434176
500;1249.5;0.36820168999371994
501;1250;0.3681287135664534
502;1250.5;0.3680693609574708
503;1251;0.36800861036407817
504;1251.5;0.36794738772037017
505;1252;0.3678874852017287
506;1252.5;0.36783069558353587
507;1253;0.36777881144117375
508;1253.5;0.36773362555002437
509;1254;0.3676969305854697
510;1254.5;0.36767051932289185
511;1255;0.3676561843376728
512;1255.5;0.36765287099781396
513;1256;0.3676537594294607
514;1256.5;0.36765577297392477
515;1257;0.3676590286633189
516;1257.5;0.3676637089297555
517;1258;0.3676699966053469
518;1258.5;0.36767807432220573
519;1259;0.3676881248124445
520;1259.5;0.36770033070817565
521;1260;0.36771487464151165
522;1260.5;0.36773479244557894
523;1261;0.3677672169052085
524;1261.5;0.3678063814998273
525;1262;0.3678498603469584
526;1262.5;0.3678955158641249
527;1263;0.36794120986884987
528;1263.5;0.36798480467865674
529;1264;0.3680241623110685
530;1264.5;0.3680571448836083
531;1265;0.3680816144137994
532;1265.5;0.3680970011412812
533;1266;0.3681100777526076
534;1266.5;0.36811798131549955
535;1267;0.3681203606572631
536;1267.5;0.3681174630052049
537;1268;0.3681095356866311
538;1268.5;0.36809682582884784
539;1269;0.36807958075916175
540;1269.5;0.3680580478048789
541;1270;0.36803247409330575
542;1270.5;0.3680027429184201
543;1271;0.3679659115090669
544;1271.5;0.36792210222335897
545;1272;0.36787235397316886
546;1272.5;0.3678178240703692
547;1273;0.3677596698268326
548;1273.5;0.36769904845443147
549;1274;0.3676371173650387
550;1274.5;0.3675750338705265
551;1275;0.36751395508276774
552;1275.5;0.36745454562183133
553;1276;0.36738533489505726
554;1276.5;0.36730860299691653
555;1277;0.3672288644427145
556;1277.5;0.3671482997477563
557;1278;0.3670690894273473
558;1278.5;0.36699341419679266
559;1279;0.36692345457139774
560;1279.5;0.36686139106646765
561;1280;0.36680940419730784
562;1280.5;0.36676962213111824
563;1281;0.36673204570662465
564;1281.5;0.36669123948954274
565;1282;0.3666503904397594
566;1282.5;0.36661082411716184
567;1283;0.36657386598163727
568;1283.5;0.36654084149307276
569;1284;0.36651307621135537
570;1284.5;0.3664918954963722
571;1285;0.3664786249080104
572;1285.5;0.36647459000615734
573;1286;0.36647754111153275
574;1286.5;0.36648148215744847
575;1287;0.36648502895291424
576;1287.5;0.3664886266138216
577;1288;0.3664927237560624
578;1288.5;0.36649776849552795
579;1289;0.3665042094481102
580;1289.5;0.3665124950297005
581;1290;0.36652307355619074
582;1290.5;0.3665363934434724
583;1291;0.36655593253167396
584;1291.5;0.3665863196015545
585;1292;0.36662175185782064
586;1292.5;0.3666602906295827
587;1293;0.3667001392459516
588;1293.5;0.3667395009360378
589;1294;0.366776579228952
590;1294.5;0.366809577253805
591;1295;0.3668366983397072
592;1295.5;0.36685614591576937
593;1296;0.3668670374352744
594;1296.5;0.3668724987678823
595;1297;0.3668727107658341
596;1297.5;0.3668682847406163
597;1298;0.36685993920371496
598;1298.5;0.36684839276661674
599;1299;0.3668343641408079
600;1299.5;0.3668185717377749
601;1300;0.36680173436900393
602;1300.5;0.36678457054598157
603;1301;0.3667669956270145
604;1301.5;0.36674408585981183
605;1302;0.366719596135728
606;1302.5;0.36669482285730465
607;1303;0.36667023982708324
608;1303.5;0.3666463207476053
609;1304;0.36662353962141225
610;1304.5;0.36660237025104586
611;1305;0.3665832863390476
612;1305.5;0.3665667617879588
613;1306;0.36655313142862067
614;1306.5;0.3665395253161471
615;1307;0.36652423507638787
616;1307.5;0.3665076722521711
617;1308;0.36649034548632464
618;1308.5;0.3664727631216765
619;1309;0.3664554338010545
620;1309.5;0.3664388659672868
621;1310;0.3664235681632012
622;1310.5;0.3664100490316257
623;1311;0.3663988460436597
624;1311.5;0.36639447212190007
625;1312;0.36639778510480453
626;1312.5;0.36640690192551517
627;1313;0.36642113741717397
628;1313.5;0.36643980661292314
629;1314;0.3664622241459047
630;1314.5;0.3664877050492608
631;1315;0.36651556415613357
632;1315.5;0.3665451162996649
633;1316;0.36657567641299704
634;1316.5;0.3666131411000662
635;1317;0.36666079819220715
636;1317.5;0.3667127125307555
637;1318;0.3667675763846282
638;1318.5;0.3668240873227425
639;1319;0.36688094291401574
640;1319.5;0.3669368408273649
641;1320;0.36699047883170727
642;1320.5;0.36704055439595984
643;1321;0.36708576528903997
644;1321.5;0.36712904882482233
645;1322;0.3671779754653012
646;1322.5;0.3672270503800282
647;1323;0.36727554621144703
648;1323.5;0.3673229287020018
649;1324;0.3673686631941361
650;1324.5;0.3674122155302941
651;1325;0.3674530510529196
652;1325.5;0.3674906353044563
653;1326;0.3675244340273482
654;1326.5;0.3675556020001479
655;1327;0.36759041445860563
656;1327.5;0.367624822335303
657;1328;0.3676575784511923
658;1328.5;0.3676878740272252
659;1329;0.36771490038435384
660;1329.5;0.3677378488435302
661;1330;0.3677559104257064
662;1330.5;0.3677682765518343
663;1331;0.3677741384428659
664;1331.5;0.3677733650403877
665;1332;0.3677723273643381
666;1332.5;0.367770985771045
667;1333;0.36776891292267605
668;1333.5;0.3677661419813989
669;1334;0.3677627064093814
670;1334.5;0.3677586394687913
671;1335;0.36775397452179615
672;1335.5;0.3677487447305638
673;1336;0.36774298345726186
674;1336.5;0.3677366522952562
675;1337;0.3677275976285862
676;1337.5;0.367716940192066
677;1338;0.36770593151845893
678;1338.5;0.3676951484405277
679;1339;0.3676851681910356
680;1339.5;0.36767656770274554
681;1340;0.3676699241084207
682;1340.5;0.36766581444082397
683;1341;0.3676648157327186
684;1341.5;0.36766750498650647
685;1342;0.3676736667917543
686;1342.5;0.36768450270710656
687;1343;0.36770101082206297
688;1343.5;0.36772236372612294
689;1344;0.3677477337087862
690;1344.5;0.36777629325955224
691;1345;0.36780721456792065
692;1345.5;0.3678396701233909
693;1346;0.36787283241546276
694;1346.5;0.3679058736336356
695;1347;0.367944094294404
696;1347.5;0.3679982763139099
697;1348;0.36806735125967316
698;1348.5;0.3681486667957624
699;1349;0.3682395548862467
700;1349.5;0.36833734729519463
701;1350;0.3684393758866751
702;1350.5;0.3685429726247569
703;1351;0.3686454691735091
704;1351.5;0.3687441976970002
705;1352;0.3688411654386526
706;1352.5;0.3689511930233189
707;1353;0.36907373370018837
708;1353.5;0.36920746545426325
709;1354;0.36935110577054564
710;1354.5;0.3695033718340377
711;1355;0.3696629810297415
712;1355.5;0.36982865074265947
713;1356;0.36999909835779365
714;1356.5;0.3701730411601462
715;1357;0.3703507262551664
716;1357.5;0.37054268302789645
717;1358;0.37074745967987316
718;1358.5;0.3709630657205464
719;1359;0.37118796365936596
720;1359.5;0.37142061580578173
721;1360;0.3716594846692437
722;1360.5;0.3719030327592015
723;1361;0.37214972248510525
724;1361.5;0.3723980163564046
725;1362;0.3726465958487018
726;1362.5;0.37289962231330265
727;1363;0.3731586921992206
728;1363.5;0.3734232867329446
729;1364;0.37369299864096395
730;1364.5;0.3739674203497675
731;1365;0.3742461445858444
732;1365.5;0.37452876367568394
733;1366;0.3748148703457751
734;1366.5;0.37510405712260697
735;1367;0.37539591830914326
736;1367.5;0.3756913359222413
737;1368;0.37599179553476414
738;1368.5;0.3762973877700474
739;1369;0.37660769615142664
740;1369.5;0.3769223043022375
741;1370;0.3772407956458156
742;1370.5;0.3775627539054965
743;1371;0.3778877626046158
744;1371.5;0.37821540516650926
745;1372;0.3785452653145122
746;1372.5;0.37887872077503054
747;1373;0.37921783470052933
748;1373.5;0.37956124480740716
749;1374;0.37990787159195777
750;1374.5;0.38025663745047494
751;1375;0.3806064642792525
752;1375.5;0.3809562741745841
753;1376;0.3813049895327637
754;1376.5;0.38165153225008497
755;1377;0.3819948245228416
756;1377.5;0.3823357270886231
757;1378;0.3826800153169939
758;1378.5;0.3830266611859157
759;1379;0.3833738086530103
760;1379.5;0.3837195992758992
761;1380;0.3840621747122043
762;1380.5;0.3843996764195468
763;1381;0.38473024615554874
764;1381.5;0.3850520254778315
765;1382;0.38536315594401693
766;1382.5;0.38566285024532465
767;1383;0.38595709722769794
768;1383.5;0.38624308367407834
769;1384;0.38651942668096567
770;1384.5;0.38678524514485985
771;1385;0.3870396579622608
772;1385.5;0.38728178392966855
773;1386;0.38751074174358285
774;1386.5;0.3877256504005038
775;1387;0.3879256285969313
776;1387.5;0.3881099063348764
777;1388;0.3882811846394204
778;1388.5;0.3884400903648385
779;1389;0.3885878606821702
780;1389.5;0.38872658476245503
781;1390;0.3888583520767323
782;1390.5;0.38898525189604155
783;1391;0.3891093735914221
784;1391.5;0.38923280633391355
785;1392;0.3893576394945552
786;1392.5;0.38948596017633175
787;1393;0.3896151072953943
788;1393.5;0.3897391399506133
789;1394;0.3898578227922128
790;1394.5;0.38997296997041664
791;1395;0.3900863954354487
792;1395.5;0.39019991333753307
793;1396;0.3903153377268937
794;1396.5;0.3904344827537547
795;1397;0.39055916256833983
796;1397.5;0.3906911910208731
797;1398;0.39083426900706214
798;1398.5;0.39098917111579723
799;1399;0.39115038693481496
800;1399.5;0.3913163427923786
801;1400;0.3914854882167511
802;1400.5;0.39165627273619535
803;1401;0.39182714587897466
804;1401.5;0.3919965571733517
805;1402;0.3921629561475898
806;1402.5;0.39232479232995165
807;1403;0.392483744803069
808;1403.5;0.39264852239431136
809;1404;0.3928117956125831
810;1404.5;0.3929720423774857
811;1405;0.3931281655086206
812;1405.5;0.39327906802558943
813;1406;0.3934236527479937
814;1406.5;0.3935608225954349
815;1407;0.39368948058751446
816;1407.5;0.39380852954383394
817;1408;0.3939186235412682
818;1408.5;0.394034066682447
819;1409;0.39414897578220304
820;1409.5;0.3942604357688899
821;1410;0.3943669857708613
822;1410.5;0.39446716471647025
823;1411;0.3945595117340706
824;1411.5;0.3946425658520156
825;1412;0.39471486599865885
826;1412.5;0.3947749513023537
827;1413;0.39482161662380943
828;1413.5;0.39486356737574047
829;1414;0.3949050593553966
830;1414.5;0.39494571765349684
831;1415;0.39498531106076
832;1415.5;0.39502360856790475
833;1416;0.3950603789656502
834;1416.5;0.3950953910447151
835;1417;0.3951284138958183
836;1417.5;0.39515921620967853
837;1418;0.3951875668770151
838;1418.5;0.3952149600544918
839;1419;0.39524446887807113
840;1419.5;0.39527661695914895
841;1420;0.39531096680510075
842;1420.5;0.3953470806233021
843;1421;0.3953845207211287
844;1421.5;0.3954228493059557
845;1422;0.39546162878515917
846;1422.5;0.3955004214661143
847;1423;0.3955387896561969
848;1423.5;0.39557629882190615
849;1424;0.39561315622488735
850;1424.5;0.39565015206668375
851;1425;0.3956872286255456
852;1425.5;0.3957243185797235
853;1426;0.3957613541074677
854;1426.5;0.3957982676870285
855;1427;0.3958349917966564
856;1427.5;0.39587145891460157
857;1428;0.39590760131911445
858;1428.5;0.3959417339903802
859;1429;0.3959674844156252
860;1429.5;0.395988503384459
861;1430;0.3960050487315398
862;1430.5;0.3960170583915258
863;1431;0.39602447059907486
864;1431.5;0.3960272233888452
865;1432;0.3960252548954949
866;1432.5;0.39601850325368215
867;1433;0.39600690649806475
868;1433.5;0.3959898761244586
869;1434;0.3959606863218148
870;1434.5;0.3959215123738379
871;1435;0.39587478158776973
872;1435.5;0.3958222627708521
873;1436;0.39576572443032665
874;1436.5;0.39570693507343535
875;1437;0.39564766350741964
876;1437.5;0.39558967823952157
877;1438;0.39553474787698273
878;1438.5;0.39548461428799464
879;1439;0.3954380979313402
880;1439.5;0.39539289853390913
881;1440;0.3953485215752731
882;1440.5;0.39530485823500394
883;1441;0.3952617999926735
884;1441.5;0.3952192381278534
885;1442;0.3951770640201156
886;1442.5;0.3951351689490316
887;1443;0.39509344419417347
888;1443.5;0.39505178113511286
889;1444;0.395008555564926
890;1444.5;0.39496244136840836
891;1445;0.3949148376496726
892;1445.5;0.3948668501600395
893;1446;0.39481958485083013
894;1446.5;0.39477414787336523
895;1447;0.39473164487896606
896;1447.5;0.3946931821189533
897;1448;0.39465986534464814
898;1448.5;0.3946328005073714
899;1449;0.394611636865736
900;1449.5;0.3945924302559273
901;1450;0.3945750247861627
902;1450.5;0.3945596000968196
903;1451;0.3945463360282758
904;1451.5;0.3945354126209086
905;1452;0.39452700951509573
906;1452.5;0.3945213067512145
907;1453;0.3945184841696426
908;1453.5;0.39451872161075735
909;1454;0.39452212555376387
910;1454.5;0.3945287718847349
911;1455;0.3945400192183099
912;1455.5;0.39455521654620884
913;1456;0.3945735172601518
914;1456.5;0.39459407455185874
915;1457;0.39461604191304966
916;1457.5;0.3946385725354446
917;1458;0.3946608199107636
918;1458.5;0.3946819371307266
919;1459;0.3947013281911377
920;1459.5;0.3947236856800586
921;1460;0.3947490639233872
922;1460.5;0.39477709225097063
923;1461;0.39480780709265606
924;1461.5;0.3948412451782907
925;1462;0.394877442737722
926;1462.5;0.39491643640079693
927;1463;0.3949582625973628
928;1463.5;0.3950029579572669
929;1464;0.3950505605617073
930;1464.5;0.39510619809807923
931;1465;0.39517104836089956
932;1465.5;0.39524296177040935
933;1466;0.39532160774684955
934;1466.5;0.395406655910461
935;1467;0.39549777568148464
936;1467.5;0.3955946364801613
937;1468;0.39569690782673217
938;1468.5;0.39580425904143796
939;1469;0.39591635984451967
940;1469.5;0.39603626004580067
941;1470;0.39616997856537733
942;1470.5;0.396315892310307
943;1471;0.39647177550770474
944;1471.5;0.39663540238468553
945;1472;0.39680454726836434
946;1472.5;0.3969769843858565
947;1473;0.3971504878642768
948;1473.5;0.39732283193074036
949;1474;0.3974917909123623
950;1474.5;0.39765770768887476
951;1475;0.3978285163068321
952;1475.5;0.398001403387239
953;1476;0.3981748090652482
954;1476.5;0.39834726407601184
955;1477;0.39851729925468254
956;1477.5;0.39868344523641264
957;1478;0.39884423295635446
958;1478.5;0.39899819304966055
959;1479;0.3991438563514833
960;1479.5;0.3992803433436844
961;1480;0.39941293922847
962;1480.5;0.39954083269249674
963;1481;0.39966404206851214
964;1481.5;0.39978300848926374
965;1482;0.3998981729874988
966;1482.5;0.4000099766959647
967;1483;0.40011886044740913
968;1483.5;0.4002252653745796
969;1484;0.400329632510223
970;1484.5;0.40043233974692
971;1485;0.40053027144394127
972;1485.5;0.4006231452577211
973;1486;0.40071247821879447
974;1486.5;0.4007995638576972
975;1487;0.4008856956049643
976;1487.5;0.40097216679113146
977;1488;0.4010602711467337
978;1488.5;0.40115130190230647
979;1489;0.4012465526883854
980;1489.5;0.40134731693550546
981;1490;0.4014539552200763
982;1490.5;0.40156185572877423
983;1491;0.40166920277045975
984;1491.5;0.4017767082156961
985;1492;0.4018850839350465
986;1492.5;0.4019950416990744
987;1493;0.40210729357834296
988;1493.5;0.40222255124341527
989;1494;0.40234152666485484
990;1494.5;0.40246493171322495
991;1495;0.40259564387393365
992;1495.5;0.402737810190415
993;1496;0.4028885141134815
994;1496.5;0.403047597125268
995;1497;0.40321491790790953
996;1497.5;0.40339033504354066
997;1498;0.4035737069142963
998;1498.5;0.40376489210231126
999;1499;0.40396374918972056
1000;1499.5;0.40417013665865875
1001;1500;0.4043858645182904
1002;1500.5;0.4046214033339183
1003;1501;0.4048739054932867
1004;1501.5;0.4051395194354754
1005;1502;0.4054144877995635
1006;1502.5;0.40569505302463077
1007;1503;0.40597745774975635
1008;1503.5;0.4062579444140201
1009;1504;0.406532755656501
1010;1504.5;0.40679813391627884
1011;1505;0.40705112899554485
1012;1505.5;0.40730338101532926
1013;1506;0.4075567727215981
1014;1506.5;0.4078090069266926
1015;1507;0.40805804534295403
1016;1507.5;0.40830184948272386
1017;1508;0.408538381158343
1018;1508.5;0.408765601982153
1019;1509;0.408981473566495
1020;1509.5;0.40918395762371007
1021;1510;0.40937103298526056
1022;1510.5;0.40954817931868853
1023;1511;0.40972365957250095
1024;1511.5;0.40989817636208664
1025;1512;0.41007146960283497
1026;1512.5;0.4102432795101345
1027;1513;0.41041334599937473
1028;1513.5;0.41058140918594416
1029;1514;0.41074720918523216
1030;1514.5;0.41091048591262763
1031;1515;0.4110709795835197
1032;1515.5;0.41122587934911825
1033;1516;0.41137331306401015
1034;1516.5;0.41151644650424835
1035;1517;0.4116569237281865
1036;1517.5;0.41179638849417816
1037;1518;0.41193648496057655
1038;1518.5;0.4120788568857353
1039;1519;0.41222514832800783
1040;1519.5;0.4123770031457477
1041;1520;0.41253606539730836
1042;1520.5;0.4127033416179592
1043;1521;0.4128773471231617
1044;1521.5;0.41305765277203743
1045;1522;0.413243390680653
1046;1522.5;0.4134336845650749
1047;1523;0.41362765814136954
1048;1523.5;0.4138244350256036
1049;1524;0.4140231390338435
1050;1524.5;0.41422289368215576
1051;1525;0.4144228227866072
1052;1525.5;0.4146230382192678
1053;1526;0.4148310541042809
1054;1526.5;0.4150468178467923
1055;1527;0.4152675787967833
1056;1527.5;0.41549054210423525
1057;1528;0.41571291261912957
1058;1528.5;0.4159318956914479
1059;1529;0.41614469617117134
1060;1529.5;0.41634851920828153
1061;1530;0.41654056985275983
1062;1530.5;0.4167182529185835
1063;1531;0.4168864575730831
1064;1531.5;0.4170482876536334
1065;1532;0.4172025054643651
1066;1532.5;0.41734766750940916
1067;1533;0.4174823301928964
1068;1533.5;0.4176050502189573
1069;1534;0.41771438389172283
1070;1534.5;0.41780888771532376
1071;1535;0.4178871180938909
1072;1535.5;0.4179476317315548
1073;1536;0.4179748128169751
1074;1536.5;0.4179562897151722
1075;1537;0.41789649250528615
1076;1537.5;0.41779938661583255
1077;1538;0.4176689370753269
1078;1538.5;0.41750910901228455
1079;1539;0.4173238677552211
1080;1539.5;0.4171171783326522
1081;1540;0.41689300587309297
1082;1540.5;0.41665531570505915
1083;1541;0.416388832670785
1084;1541.5;0.4160557652899627
1085;1542;0.41566451854223113
1086;1542.5;0.41522604968915067
1087;1543;0.4147513153922812
1088;1543.5;0.41425127261318284
1089;1544;0.4137368784134158
1090;1544.5;0.4132190895545399
1091;1545;0.4127088629981155
1092;1545.5;0.4122171557057025
1093;1546;0.4117446046533922
1094;1546.5;0.4112473038372018
1095;1547;0.4107210833061723
1096;1547.5;0.41017600005564175
1097;1548;0.40962227748094826
1098;1548.5;0.40907013857742963
1099;1549;0.4085298066404238
1100;1549.5;0.40801150486526916
1101;1550;0.4075254564473033
1102;1550.5;0.4070818845818643
1103;1551;0.4066877893672206
1104;1551.5;0.40631125156753073
1105;1552;0.40594077994595257
1106;1552.5;0.4055817244256654
1107;1553;0.4052400314298489
1108;1553.5;0.40492164748168225
1109;1554;0.40463251900434505
1110;1554.5;0.4043785925210166
1111;1555;0.40416581455487643
1112;1555.5;0.4040001315291038
1113;1556;0.4038872476309237
1114;1556.5;0.40381473337970786
1115;1557;0.40376730096642105
1116;1557.5;0.4037428246207891
1117;1558;0.40374034207253706
1118;1558.5;0.4037588910513904
1119;1559;0.40379750948707444
1120;1559.5;0.4038552350093145
1121;1560;0.40393110554783584
1122;1560.5;0.404024158732364
1123;1561;0.4041334323926242
1124;1561.5;0.404267863299979
1125;1562;0.4044329761294499
1126;1562.5;0.4046217035098989
1127;1563;0.40482877651361715
1128;1563.5;0.4050489260128966
1129;1564;0.4052768829800285
1130;1564.5;0.4055073784873045
1131;1565;0.40573514330701627
1132;1565.5;0.40595490851145516
1133;1566;0.40616140497291264
1134;1566.5;0.40635877147806754
1135;1567;0.40656428892673924
1136;1567.5;0.4067726612332548
1137;1568;0.4069802877638887
1138;1568.5;0.4071835674849155
1139;1569;0.40737889986260967
1140;1569.5;0.40756268396324574
1141;1570;0.40773131905309834
1142;1570.5;0.4078812043984417
1143;1571;0.4080087391655505
1144;1571.5;0.4081128461146165
1145;1572;0.40820265888953144
1146;1572.5;0.408274705441994
1147;1573;0.4083279889519787
1148;1573.5;0.4083616267994604
1149;1574;0.4083747359644138
1150;1574.5;0.4083664336268137
1151;1575;0.4083358369666346
1152;1575.5;0.4082820630638513
1153;1576;0.40820422919843863
1154;1576.5;0.4081011246751836
1155;1577;0.4079689913132052
1156;1577.5;0.40781073092607834
1157;1578;0.40763097956570304
1158;1578.5;0.4074343719839796
1159;1579;0.4072255434328079
1160;1579.5;0.40700912876408835
1161;1580;0.406789762929721
1162;1580.5;0.4065720809816059
1163;1581;0.4063607177716433
1164;1581.5;0.406160018195563
1165;1582;0.40595006925064164
1166;1582.5;0.40572588716828983
1167;1583;0.40549456644473025
1168;1583.5;0.40526198427618565
1169;1584;0.40503401775887876
1170;1584.5;0.40481654408903217
1171;1585;0.4046154405628686
1172;1585.5;0.4044365843766107
1173;1586;0.4042858526264813
1174;1586.5;0.404169122508703
1175;1587;0.4040727044224582
1176;1587.5;0.4039775195536547
1177;1588;0.4038881471475985
1178;1588.5;0.40380765186012474
1179;1589;0.4037390986470684
1180;1589.5;0.40368555196426453
1181;1590;0.40365007666754826
1182;1590.5;0.4036357375127547
1183;1591;0.403645599055719
1184;1591.5;0.4036827261522761
1185;1592;0.40374385581538574
1186;1592.5;0.40381272327156886
1187;1593;0.40388705169108646
1188;1593.5;0.4039655359792219
1189;1594;0.4040468709412585
1190;1594.5;0.40412975148247987
1191;1595;0.4042128722081693
1192;1595.5;0.4042949281236101
1193;1596;0.40437461393408575
1194;1596.5;0.4044506246448796
1195;1597;0.4045229701199009
1196;1597.5;0.4045972437665671
1197;1598;0.40467284978688134
1198;1598.5;0.4047486341974926
1199;1599;0.40482345181504975
1200;1599.5;0.4048961576562016
1201;1600;0.40496560643759755
1202;1600.5;0.4050306530758857
1203;1601;0.4050901524877156
1204;1601.5;0.4051429594897361
1205;1602;0.4051869467424633
1206;1602.5;0.40520956936286534
1207;1603;0.4052098486752656
1208;1603.5;0.4051909607133883
1209;1604;0.4051560770109576
1210;1604.5;0.4051083694016979
1211;1605;0.4050510094193336
1212;1605.5;0.40498716889758857
1213;1606;0.4049200192701874
1214;1606.5;0.4048527323708542
1215;1607;0.404788227538743
1216;1607.5;0.404714436908444
1217;1608;0.4046257415827812
1218;1608.5;0.40452381168525714
1219;1609;0.40441003853937457
1220;1609.5;0.4042858135686361
1221;1610;0.4041525282965444
1222;1610.5;0.4040115741466021
1223;1611;0.40386434244231195
1224;1611.5;0.4037122247071766
1225;1612;0.4035566123646987
1226;1612.5;0.40339251331104925
1227;1613;0.4032132794204573
1228;1613.5;0.40302024004591475
1229;1614;0.4028148671453121
1230;1614.5;0.40259863267653995
1231;1615;0.40237300859748854
1232;1615.5;0.40213946716604865
1233;1616;0.4018994801401107
1234;1616.5;0.40165451957756515
1235;1617;0.40140605753630254
1236;1617.5;0.401152008300261
1237;1618;0.40088516169789806
1238;1618.5;0.40060676095786746
1239;1619;0.40031909894350737
1240;1619.5;0.4000244685181558
1241;1620;0.3997251625451513
1242;1620.5;0.39942347398783157
1243;1621;0.39912169580953505
1244;1621.5;0.3988221207735997
1245;1622;0.39852704174336395
1246;1622.5;0.3982352549390286
1247;1623;0.39793538267512873
1248;1623.5;0.3976300344076097
1249;1624;0.39732231095635506
1250;1624.5;0.3970153091412485
1251;1625;0.3967121255821734
1252;1625.5;0.3964158570990133
1253;1626;0.3961296006116518
1254;1626.5;0.3958564528399723
1255;1627;0.39559951060385845
1256;1627.5;0.39535994005744274
1257;1628;0.395122142059873
1258;1628.5;0.3948823327647387
1259;1629;0.3946438334186824
1260;1629.5;0.3944100823683466
1261;1630;0.3941845179603737
1262;1630.5;0.3939705785414061
1263;1631;0.39377170255808636
1264;1631.5;0.3935913284570568
1265;1632;0.39343289448496
1266;1632.5;0.39329909808552327
1267;1633;0.3931724720567625
1268;1633.5;0.3930406799822951
1269;1634;0.3929058073237955
1270;1634.5;0.39277071174293854
1271;1635;0.3926382509013987
1272;1635.5;0.3925112826608507
1273;1636;0.3923926645829691
1274;1636.5;0.3922852544294285
1275;1637;0.3921919099619037
1276;1637.5;0.39211547426726007
1277;1638;0.3920522370592395
1278;1638.5;0.39199320918959774
1279;1639;0.39193753009677146
1280;1639.5;0.39188554001919707
1281;1640;0.3918375788953111
1282;1640.5;0.3917939867635502
1283;1641;0.3917551034623509
1284;1641.5;0.3917212692301496
1285;1642;0.39169282400538286
1286;1642.5;0.39167010762648724
1287;1643;0.3916574719832395
1288;1643.5;0.3916582585589408
1289;1644;0.391670037815559
1290;1644.5;0.3916912693639
1291;1645;0.39172041291477
1292;1645.5;0.3917559281789751
1293;1646;0.39179627456732113
1294;1646.5;0.3918399118906145
1295;1647;0.3918852997596611
1296;1647.5;0.39193089768526707
1297;1648;0.391978220100085
1298;1648.5;0.3920309944724482
1299;1649;0.3920867627487696
1300;1649.5;0.39214534185986943
1301;1650;0.39220654883656786
1302;1650.5;0.39227020080968505
1303;1651;0.39233611471004115
1304;1651.5;0.39240410766845635
1305;1652;0.392473996715751
1306;1652.5;0.39254559878274514
1307;1653;0.3926196334215681
1308;1653.5;0.39269764166904964
1309;1654;0.39277643065195356
1310;1654.5;0.3928566342366354
1311;1655;0.3929389123894508
1312;1655.5;0.3930239246767552
1313;1656;0.3931123308649043
1314;1656.5;0.3932047906202536
1315;1657;0.39330196380915877
1316;1657.5;0.3934045099979754
1317;1658;0.3935130119124134
1318;1658.5;0.39362454780053957
1319;1659;0.39373348824086724
1320;1659.5;0.3938413463326772
1321;1660;0.39394992977525034
1322;1660.5;0.3940610465678676
1323;1661;0.3941765047098099
1324;1661.5;0.3942981119003582
1325;1662;0.3944276762387932
1326;1662.5;0.39456700552439605
1327;1663;0.39471782216136486
1328;1663.5;0.39487830678618946
1329;1664;0.3950427088856968
1330;1664.5;0.39521028831456695
1331;1665;0.3953808735274801
1332;1665.5;0.3955542930791162
1333;1666;0.3957303755241556
1334;1666.5;0.39590894941727817
1335;1667;0.3960898433131642
1336;1667.5;0.39627288576649367
1337;1668;0.3964579090679424
1338;1668.5;0.39664581158328055
1339;1669;0.39683910817023166
1340;1669.5;0.3970379450326802
1341;1670;0.39724197977451087
1342;1670.5;0.3974508700996083
1343;1671;0.397664273911857
1344;1671.5;0.3978818487151415
1345;1672;0.39810325241334643
1346;1672.5;0.3983281425103565
1347;1673;0.39855617691005607
1348;1673.5;0.39878997534152477
1349;1674;0.3990329904395228
1350;1674.5;0.3992849373633236
1351;1675;0.39954569008036833
1352;1675.5;0.39981512225809807
1353;1676;0.4000931075639538
1354;1676.5;0.40037951986537657
1355;1677;0.4006742329298076
1356;1677.5;0.4009771203246878
1357;1678;0.4012880559174583
1358;1678.5;0.4016139129070534
1359;1679;0.40197197676154894
1360;1679.5;0.40236120775897166
1361;1680;0.40277830396256975
1362;1680.5;0.4032199636355919
1363;1681;0.4036828850412868
1364;1681.5;0.40416376634290285
1365;1682;0.40465930590368854
1366;1682.5;0.4051662016868923
1367;1683;0.40568115215576317
1368;1683.5;0.40621052786544193
1369;1684;0.4067904822199212
1370;1684.5;0.4074227446564005
1371;1685;0.4081023904496795
1372;1685.5;0.4088244949745573
1373;1686;0.40958413350583367
1374;1686.5;0.4103763813183077
1375;1687;0.411196313886779
1376;1687.5;0.41203900638604696
1377;1688;0.41289953429091086
1378;1688.5;0.41377946297370405
1379;1689;0.414716546848906
1380;1689.5;0.41571263057441243
1381;1690;0.41676163882679457
1382;1690.5;0.417857497682623
1383;1691;0.4189941329184686
1384;1691.5;0.42016547071090216
1385;1692;0.4213654369364946
1386;1692.5;0.42258795747181666
1387;1693;0.4238269584934392
1388;1693.5;0.42507915561192167
1389;1694;0.4263738742995846
1390;1694.5;0.42771489296510296
1391;1695;0.429094784952995
1392;1695.5;0.43050611210777967
1393;1696;0.4319414359739754
1394;1696.5;0.4333933181961007
1395;1697;0.43485432061867446
1396;1697.5;0.4363170046862151
1397;1698;0.4377739323432411
1398;1698.5;0.4392186624060237
1399;1699;0.4406742813930039
1400;1699.5;0.4421415239348982
1401;1700;0.44361441249939604
1402;1700.5;0.44508800915418645
1403;1701;0.4465573760669589
1404;1701.5;0.4480175752054027
1405;1702;0.4494636684372071
1406;1702.5;0.4508907180300613
1407;1703;0.45229378595165476
1408;1703.5;0.453668068972624
1409;1704;0.4550384190536304
1410;1704.5;0.45641586436978887
1411;1705;0.4577898541919292
1412;1705.5;0.45915066719088127
1413;1706;0.460488582237475
1414;1706.5;0.46179387810254025
1415;1707;0.46305683365690686
1416;1707.5;0.464267727571405
1417;1708;0.46541683891686425
1418;1708.5;0.4664944462641146
1419;1709;0.4675323777824848
1420;1709.5;0.46857025309128736
1421;1710;0.4695932983858138
1422;1710.5;0.47058612995737004
1423;1711;0.4715333639972618
1424;1711.5;0.47241961689679535
1425;1712;0.4732295048472762
1426;1712.5;0.4739476443400104
1427;1713;0.4745586514663039
1428;1713.5;0.47504714271746257
1429;1714;0.47544756807745053
1430;1714.5;0.47584389657720483
1431;1715;0.4762276264692275
1432;1715.5;0.47658725597680884
1433;1716;0.4769112835232394
1434;1716.5;0.47718820753180946
1435;1717;0.47740652612580947
1436;1717.5;0.4775547378285296
1437;1718;0.47762134096326037
1438;1718.5;0.4775948337532922
1439;1719;0.47747814020113283
1440;1719.5;0.47730412205887884
1441;1720;0.47707757120508926
1442;1720.5;0.4768048630118592
1443;1721;0.47649237255128457
1444;1721.5;0.4761464752954604
1445;1722;0.47577354631648217
1446;1722.5;0.47537996088644513
1447;1723;0.47497209427744486
1448;1723.5;0.4745563217615766
1449;1724;0.474131161442745
1450;1724.5;0.47366626353624025
1451;1725;0.4731623163073951
1452;1725.5;0.47262904610425915
1453;1726;0.4720761817748821
1454;1726.5;0.4715134524673135
1455;1727;0.4709505870296031
1456;1727.5;0.4703973143098006
1457;1728;0.4698633634559556
1458;1728.5;0.46935846331611764
1459;1729;0.46888568673286335
1460;1729.5;0.4684090941818697
1461;1730;0.4679267569638862
1462;1730.5;0.4674465011576978
1463;1731;0.46697617884209
1464;1731.5;0.4665236422958481
1465;1732;0.46609674359775716
1466;1732.5;0.46570333482660276
1467;1733;0.46535126826117007
1468;1733.5;0.4650483959802442
1469;1734;0.4647995533630576
1470;1734.5;0.46457924955312163
1471;1735;0.4643824293833069
1472;1735.5;0.46421295944666746
1473;1736;0.46407474083625677
1474;1736.5;0.4639716747451291
1475;1737;0.46390766216633794
1476;1737.5;0.4638866042929374
1477;1738;0.46391240231798114
1478;1738.5;0.4639889573345231
1479;1739;0.4641200490550335
1480;1739.5;0.4643044530419414
1481;1740;0.46453588386887246
1482;1740.5;0.464807240048226
1483;1741;0.46511134789240166
1484;1741.5;0.46544103321379876
1485;1742;0.4657891219248169
1486;1742.5;0.46614844033785535
1487;1743;0.4665118140653136
1488;1743.5;0.4668720694195912
1489;1744;0.46722298059754663
1490;1744.5;0.4675967687637062
1491;1745;0.46800504232781454
1492;1745.5;0.4684364753457485
1493;1746;0.4688795685733851
1494;1746.5;0.46932282246660134
1495;1747;0.4697547374812741
1496;1747.5;0.47016381417328024
1497;1748;0.47053855299849684
1498;1748.5;0.470867454412801
1499;1749;0.47113909532693554
1500;1749.5;0.4713574196076763
1501;1750;0.4715332043184041
1502;1750.5;0.47166783908618803
1503;1751;0.4717622617380971
1504;1751.5;0.47181741020120027
1505;1752;0.47183422230256633
1506;1752.5;0.47181363596926457
1507;1753;0.4717565891283636
1508;1753.5;0.4716640197069327
1509;1754;0.47153686553204077
1510;1754.5;0.47135760631930645
1511;1755;0.4711139594546436
1512;1755.5;0.4708139333786461
1513;1756;0.4704652194789437
1514;1756.5;0.4700755096431662
1515;1757;0.4696524951589428
1516;1757.5;0.46920386781390355
1517;1758;0.468737318995678
1518;1758.5;0.46826054049189575
1519;1759;0.4677812237901864
1520;1759.5;0.4672874306278125
1521;1760;0.46675758670880435
1522;1760.5;0.46619646001606974
1523;1761;0.46560921688007095
1524;1761.5;0.4650010234312701
1525;1762;0.4643770460001293
1526;1762.5;0.4637424507171108
1527;1763;0.46310240391267693
1528;1763.5;0.46246207181728993
1529;1764;0.46182662056141177
1530;1764.5;0.4611893063735798
1531;1765;0.46053419358532677
1532;1765.5;0.45986591268475835
1533;1766;0.4591892166048009
1534;1766.5;0.4585088581783804
1535;1767;0.4578295902384233
1536;1767.5;0.4571561658178557
1537;1768;0.45649333764960376
1538;1768.5;0.4558458586665937
1539;1769;0.45521848170175183
1540;1769.5;0.45460675594086686
1541;1770;0.45399246672619514
1542;1770.5;0.4533782536123197
1543;1771;0.4527684655895454
1544;1771.5;0.4521674519481773
1545;1772;0.45157956177852043
1546;1772.5;0.45100914417087956
1547;1773;0.45046054831555987
1548;1773.5;0.4499381234028661
1549;1774;0.4494462186231033
1550;1774.5;0.4489818319561162
1551;1775;0.44852331087329994
1552;1775.5;0.44806977119723407
1553;1776;0.44762503396305686
1554;1776.5;0.4471929205059064
1555;1777;0.44677725196092144
1556;1777.5;0.44638184956324
1557;1778;0.4460105345480003
1558;1778.5;0.44566712815034093
1559;1779;0.4453554515054
1560;1779.5;0.445073797556812
1561;1780;0.44480332971512776
1562;1780.5;0.4445415513174492
1563;1781;0.44428962330257604
1564;1781.5;0.4440487063093081
1565;1782;0.44381996137644497
1566;1782.5;0.4436045490427866
1567;1783;0.4434036302471327
1568;1783.5;0.4432183658282831
1569;1784;0.44304991652503734
1570;1784.5;0.4428969234195025
1571;1785;0.44274927580267026
1572;1785.5;0.4426059873438223
1573;1786;0.4424665655167762
1574;1786.5;0.44233051459534983
1575;1787;0.44219733905336095
1576;1787.5;0.4420665430646274
1577;1788;0.441937631002967
1578;1788.5;0.4418101073421973
1579;1789;0.44168347625613613
1580;1789.5;0.4415577338886557
1581;1790;0.44143496274165256
1582;1790.5;0.44131481466680833
1583;1791;0.4411965836614204
1584;1791.5;0.44107956472278553
1585;1792;0.44096305324820084
1586;1792.5;0.4408463444349639
1587;1793;0.4407287332803711
1588;1793.5;0.44060951528172004
1589;1794;0.44048798543630757
1590;1794.5;0.44036314851090275
1591;1795;0.4402330464037442
1592;1795.5;0.4400985238816465
1593;1796;0.4399611634360707
1594;1796.5;0.4398225519584786
1595;1797;0.4396842765403314
1596;1797.5;0.43954792417309035
1597;1798;0.4394150818482171
1598;1798.5;0.43928733655717284
1599;1799;0.43916627529141916
1600;1799.5;0.439053259189088
1601;1800;0.4389466287108058
1602;1800.5;0.4388439148614841
1603;1801;0.4387446382293212
1604;1801.5;0.43864838010251556
1605;1802;0.43855472136926565
1606;1802.5;0.43846324321776964
1607;1803;0.438373526636226
1608;1803.5;0.4382851526128334
1609;1804;0.43819770223579
1610;1804.5;0.4381111591036346
1611;1805;0.4380289674100163
1612;1805.5;0.4379517174287601
1613;1806;0.43787791161602196
1614;1806.5;0.43780600862795777
1615;1807;0.43773446692072326
1616;1807.5;0.43766174515047407
1617;1808;0.4375863017733662
1618;1808.5;0.4375065954455555
1619;1809;0.43742108462319756
1620;1809.5;0.4373280854944193
1621;1810;0.4372262422883531
1622;1810.5;0.43711874786591454
1623;1811;0.4370068844754419
1624;1811.5;0.4368917667652742
1625;1812;0.4367745092837497
1626;1812.5;0.4366562264792072
1627;1813;0.43653803299998534
1628;1813.5;0.43642104339442234
1629;1814;0.4363063721108573
1630;1814.5;0.4361946137959096
1631;1815;0.43608149368160715
1632;1815.5;0.4359672705731736
1633;1816;0.43585300533673815
1634;1816.5;0.43573971093842995
1635;1817;0.4356284005443781
1636;1817.5;0.43552008732071157
1637;1818;0.43541578423355976
1638;1818.5;0.4353165044490515
1639;1819;0.435223261133316
1640;1819.5;0.43513665498376036
1641;1820;0.4350506732724117
1642;1820.5;0.4349590526936719
1643;1821;0.43486322217563683
1644;1821.5;0.4347651014464022
1645;1822;0.4346666100340636
1646;1822.5;0.43456966766671723
1647;1823;0.43447619407245835
1648;1823.5;0.43438810867938293
1649;1824;0.43430733131558696
1650;1824.5;0.4342356356595876
1651;1825;0.4341715306631639
1652;1825.5;0.43410996258311896
1653;1826;0.4340503966701835
1654;1826.5;0.43399273517508863
1655;1827;0.43393688064856517
1656;1827.5;0.4338827354413441
1657;1828;0.4338302021041563
1658;1828.5;0.4337791827877326
1659;1829;0.43372958014280416
1660;1829.5;0.43368154188536306
1661;1830;0.43363822274703595
1662;1830.5;0.4336008674310012
1663;1831;0.4335678101430226
1664;1831.5;0.43353721038886367
1665;1832;0.4335072275742883
1666;1832.5;0.43347602140506014
1667;1833;0.4334417510869426
1668;1833.5;0.4334025762256998
1669;1834;0.4333566563270949
1670;1834.5;0.433302106583886
1671;1835;0.43323531664892273
1672;1835.5;0.43315061443869923
1673;1836;0.43305106379883573
1674;1836.5;0.43294051217495266
1675;1837;0.4328228072126704
1676;1837.5;0.4327017966576091
1677;1838;0.4325813280553893
1678;1838.5;0.4324652489516313
1679;1839;0.43235740709195536
1680;1839.5;0.4322615975320592
1681;1840;0.43217822537793016
1682;1840.5;0.4320995906943379
1683;1841;0.43202370404151774
1684;1841.5;0.4319492771797049
1685;1842;0.4318750217691347
1686;1842.5;0.4317996493700426
1687;1843;0.43172187184266386
1688;1843.5;0.4316404006472337
1689;1844;0.4315539476439875
1690;1844.5;0.4314608417549145
1691;1845;0.4313566096960432
1692;1845.5;0.4312422035321447
1693;1846;0.4311201336625598
1694;1846.5;0.4309929113866297
1695;1847;0.4308630478036955
1696;1847.5;0.43073305441309817
1697;1848;0.43060544241417864
1698;1848.5;0.4304827230062779
1699;1849;0.4303674076887372
1700;1849.5;0.43026152458331746
1701;1850;0.4301626327031712
1702;1850.5;0.4300714777560901
1703;1851;0.4299865640591813
1704;1851.5;0.42990611772955206
1705;1852;0.42982836468430935
1706;1852.5;0.42975153084056067
1707;1853;0.429673842415413
1708;1853.5;0.42959352522597366
1709;1854;0.42950880538934955
1710;1854.5;0.42941788669261205
1711;1855;0.42931832663519903
1712;1855.5;0.4292080016968309
1713;1856;0.42908960491915316
1714;1856.5;0.4289661509438118
1715;1857;0.4288406546124521
1716;1857.5;0.4287161305667201
1717;1858;0.4285955935482611
1718;1858.5;0.4284820584987211
1719;1859;0.4283785399597456
1720;1859.5;0.4282874362034542
1721;1860;0.42820474364075567
1722;1860.5;0.4281238815584194
1723;1861;0.42804525997050236
1724;1861.5;0.42796979649106115
1725;1862;0.4278984083341526
1726;1862.5;0.42783201291383344
1727;1863;0.42777152764416054
1728;1863.5;0.42771786993919036
1729;1864;0.42767195721297996
1730;1864.5;0.4276352896012529
1731;1865;0.42761169654967857
1732;1865.5;0.42760094488871286
1733;1866;0.42760139051472706
1734;1866.5;0.42761134762409225
1735;1867;0.42762913051317986
1736;1867.5;0.4276530530783611
1737;1868;0.42768142961600714
1738;1868.5;0.4277125742224895
1739;1869;0.4277448010941791
1740;1869.5;0.42777980566903917
1741;1870;0.4278319415904492
1742;1870.5;0.4278991856161511
1743;1871;0.4279796397058708
1744;1871.5;0.4280715198193336
1745;1872;0.42817304171626525
1746;1872.5;0.42828242135639105
1747;1873;0.4283978746994368
1748;1873.5;0.4285176177051279
1749;1874;0.42863986613319016
1750;1874.5;0.4287689061030161
1751;1875;0.42892736787438474
1752;1875.5;0.42911389540078454
1753;1876;0.429325225510184
1754;1876.5;0.42955813113055263
1755;1877;0.4298093851898591
1756;1877.5;0.4300757607160726
1757;1878;0.43035403063716215
1758;1878.5;0.4306409679810965
1759;1879;0.43093334567584496
1760;1879.5;0.43123554446811585
1761;1880;0.4315693125027115
1762;1880.5;0.43193298305378997
1763;1881;0.4323235248890578
1764;1881.5;0.43273791777622106
1765;1882;0.43317314178298655
1766;1882.5;0.4336261767770605
1767;1883;0.4340940027261489
1768;1883.5;0.43457359949795843
1769;1884;0.4350619471601954
1770;1884.5;0.4355637737971261
1771;1885;0.43609544041371695
1772;1885.5;0.43665299135228314
1773;1886;0.43723157219930464
1774;1886.5;0.4378263308412619
1775;1887;0.43843241516463494
1776;1887.5;0.4390449730559041
1777;1888;0.4396591525015493
1778;1888.5;0.44027010128805094
1779;1889;0.44087296760188915
1780;1889.5;0.4414707764562656
1781;1890;0.4420756123253334
1782;1890.5;0.4426854047337042
1783;1891;0.44329793824801766
1784;1891.5;0.4439109982349138
1785;1892;0.4445223695610325
1786;1892.5;0.44512983729301353
1787;1893;0.4457311866974966
1788;1893.5;0.44632420274112194
1789;1894;0.44690667059052896
1790;1894.5;0.4474786739933093
1791;1895;0.4480438870898767
1792;1895.5;0.4486035629873042
1793;1896;0.4491585267248192
1794;1896.5;0.4497096030416497
1795;1897;0.45025761687702276
1796;1897.5;0.45080339317016627
1797;1898;0.45134775676030775
1798;1898.5;0.45189153248667446
1799;1899;0.4524355453884942
1800;1899.5;0.4529767790176559
1801;1900;0.453511281538871
1802;1900.5;0.45404025575779594
1803;1901;0.4545656511687487
1804;1901.5;0.4550894171660473
1805;1902;0.4556135030440102
1806;1902.5;0.4561398581969553
1807;1903;0.4566704321192009
1808;1903.5;0.45720717410506495
1809;1904;0.4577520279487575
1810;1904.5;0.4583056859767969
1811;1905;0.4588683128765293
1812;1905.5;0.4594387896786733
1813;1906;0.4600153477139474
1814;1906.5;0.46059621841306997
1815;1907;0.4611796332067595
1816;1907.5;0.4617638234257345
1817;1908;0.46234702060071325
1818;1908.5;0.4629274560624143
1819;1909;0.46350336346254084
1820;1909.5;0.46407325735930216
1821;1910;0.4646357180828681
1822;1910.5;0.46519233166035745
1823;1911;0.4657455263188889
1824;1911.5;0.46629773008558156
1825;1912;0.4668513711875537
1826;1912.5;0.4674088776519246
1827;1913;0.4679726779058129
1828;1913.5;0.4685451997763373
1829;1914;0.4691288836812177
1830;1914.5;0.4697253384117688
1831;1915;0.47032904277668025
1832;1915.5;0.4709378892056667
1833;1916;0.4715512816284426
1834;1916.5;0.4721686238747229
1835;1917;0.4727893197742222
1836;1917.5;0.4734127731566552
1837;1918;0.4740383878517366
1838;1918.5;0.474665567689181
1839;1919;0.47529425592181507
1840;1919.5;0.47592790703059806
1841;1920;0.47656529081017734
1842;1920.5;0.47720500150918416
1843;1921;0.47784582257624963
1844;1921.5;0.478486537860005
1845;1922;0.47912593070908127
1846;1922.5;0.47976278477210954
1847;1923;0.4803958837977211
1848;1923.5;0.481024011134547
1849;1924;0.4816467804322523
1850;1924.5;0.48226730274062357
1851;1925;0.48288603200212454
1852;1925.5;0.4835024678295167
1853;1926;0.48411605213556197
1854;1926.5;0.4847262265330216
1855;1927;0.48533243283465743
1856;1927.5;0.4859341127532309
1857;1928;0.4865307081015035
1858;1928.5;0.4871216605922372
1859;1929;0.48770845314166544
1860;1929.5;0.4882952889758549
1861;1930;0.48887947518498864
1862;1930.5;0.4894590380414792
1863;1931;0.4900320655177399
1864;1931.5;0.4905966457861838
1865;1932;0.4911508667192237
1866;1932.5;0.4916928165892728
1867;1933;0.4922205831687438
1868;1933.5;0.49273225463004994
1869;1934;0.4932327038626457
1870;1934.5;0.4937301626653179
1871;1935;0.4942200144225991
1872;1935.5;0.49469956590242187
1873;1936;0.49516616307271866
1874;1936.5;0.4956171514014217
1875;1937;0.4960498767564636
1876;1937.5;0.49646168470577673
1877;1938;0.4968499210172935
1878;1938.5;0.49721193146493636
1879;1939;0.49756191747655476
1880;1939.5;0.49791231402475644
1881;1940;0.49825746162626583
1882;1940.5;0.49859207819780726
1883;1941;0.4989108820561052
1884;1941.5;0.4992085914178839
1885;1942;0.49947992439986766
1886;1942.5;0.49971959921878106
1887;1943;0.499922334291348
1888;1943.5;0.5000834568946131
1889;1944;0.50022698853099
1890;1944.5;0.5003651529230498
1891;1945;0.5004950381332256
1892;1945.5;0.500613833723951
1893;1946;0.5007187290576589
1894;1946.5;0.5008069133967831
1895;1947;0.5008755763037568
1896;1947.5;0.5009219069410135
1897;1948;0.5009430948709861
1898;1948.5;0.5009371134635415
1899;1949;0.5009123879160579
1900;1949.5;0.5008711802180277
1901;1950;0.5008140889646919
1902;1950.5;0.5007424128512923
1903;1951;0.5006574502730702
1904;1951.5;0.5005605000252668
1905;1952;0.5004528606031234
1906;1952.5;0.5003358307018815
1907;1953;0.5002107088167821
1908;1953.5;0.50007591872646
1909;1954;0.499917574108571
1910;1954.5;0.4997366546419215
1911;1955;0.4995364333411242
1912;1955.5;0.49932018042079207
1913;1956;0.49909116549553767
1914;1956.5;0.498852658779974
1915;1957;0.49860793008871396
1916;1957.5;0.49836024933637
1917;1958;0.4981128865375554
1918;1958.5;0.4978646922503297
1919;1959;0.4976051706701715
1920;1959.5;0.4973350024064665
1921;1960;0.4970554893406673
1922;1960.5;0.4967678973542265
1923;1961;0.49647349192859663
1924;1961.5;0.4961735385452302
1925;1962;0.4958693028855799
1926;1962.5;0.4955620505310983
1927;1963;0.49525304696323785
1928;1963.5;0.49493971122718283
1929;1964;0.49461484160844815
1930;1964.5;0.49427413785941826
1931;1965;0.49392112841000324
1932;1965.5;0.49355962849011237
1933;1966;0.4931934538296551
1934;1966.5;0.49282641985854114
1935;1967;0.49246234200668004
1936;1967.5;0.49210503590398147
1937;1968;0.49175828787768355
1938;1968.5;0.49142247792356236
1939;1969;0.4910932013426237
1940;1969.5;0.4907660192007669
1941;1970;0.49044138456389064
1942;1970.5;0.49011976059789397
1943;1971;0.4898016100686757
1944;1971.5;0.4894873961421348
1945;1972;0.48917758158417024
1946;1972.5;0.4888726294606812
1947;1973;0.4885728184817976
1948;1973.5;0.4882764581361809
1949;1974;0.487983995316725
1950;1974.5;0.4876957998948758
1951;1975;0.48741213604207934
1952;1975.5;0.48713326802978135
1953;1976;0.48685946012942793
1954;1976.5;0.48659097651246486
1955;1977;0.48632808145033807
1956;1977.5;0.4860710391144935
1957;1978;0.4858186268488137
1958;1978.5;0.48556376539744156
1959;1979;0.48530716634271903
1960;1979.5;0.4850513881442892
1961;1980;0.4847989475617952
1962;1980.5;0.4845523609548801
1963;1981;0.4843141448831868
1964;1981.5;0.4840868159063584
1965;1982;0.4838728903840379
1966;1982.5;0.48367488497586847
1967;1983;0.4834908297941506
1968;1983.5;0.4833134707486499
1969;1984;0.4831443560573844
1970;1984.5;0.48298475028631715
1971;1985;0.48283591990141117
1972;1985.5;0.48269913146862964
1973;1986;0.48257565135393554
1974;1986.5;0.482466746023292
1975;1987;0.482373682142662
1976;1987.5;0.48229772732954423
1977;1988;0.48224364942038395
1978;1988.5;0.4822128221769802
1979;1989;0.48220313030538386
1980;1989.5;0.482212349211646
1981;1990;0.48223823060181764
1982;1990.5;0.4822785261819497
1983;1991;0.4823309875580932
1984;1991.5;0.4823933666362993
1985;1992;0.48246341492261874
1986;1992.5;0.4825405124988279
1987;1993;0.4826536281006524
1988;1993.5;0.48281090318396824
1989;1994;0.48300732897859683
1990;1994.5;0.483238208014359
1991;1995;0.4834988429210757
1992;1995.5;0.48378453622856804
1993;1996;0.4840905906666569
1994;1996.5;0.4844123087651635
1995;1997;0.48474499325390863
1996;1997.5;0.4850918861537606
1997;1998;0.4854893608218035
1998;1998.5;0.48593544667630945
1999;1999;0.48642245643799653
2000;1999.5;0.48694280562758224
2001;2000;0.48748891006578443
2002;2000.5;0.4880531855733209
2003;2001;0.4886280475709093
2004;2001.5;0.4892059120792676
2005;2002;0.48977919461911334
2006;2002.5;0.4903567465602817
2007;2003;0.4909654181183593
2008;2003.5;0.49159761567960547
2009;2004;0.49224527776129257
2010;2004.5;0.49290057818069355
2011;2005;0.4935556906550806
2012;2005.5;0.4942027891017262
2013;2006;0.4948340471379032
2014;2006.5;0.49544163878088393
2015;2007;0.49601785460902387
2016;2007.5;0.4965788615892762
2017;2008;0.497137077766447
2018;2008.5;0.4976883098378093
2019;2009;0.4982278575006361
2020;2009.5;0.4987509835522005
2021;2010;0.4992529503897754
2022;2010.5;0.4997290209106337
2023;2011;0.5001744576120485
2024;2011.5;0.5005845232912931
2025;2012;0.5009563155856449
2026;2012.5;0.5013070125915607
2027;2013;0.5016404655654322
2028;2013.5;0.5019553920182654
2029;2014;0.5022527660610672
2030;2014.5;0.5025335635048438
2031;2015;0.5027987603606016
2032;2015.5;0.5030493325393468
2033;2016;0.5032862558520861
2034;2016.5;0.5035105064098255
2035;2017;0.5037209784961691
2036;2017.5;0.5039134997942061
2037;2018;0.5040902562915217
2038;2018.5;0.50425510649324
2039;2019;0.504412789904485
2040;2019.5;0.5045680462303802
2041;2020;0.5047256150760496
2042;2020.5;0.5048902359466172
2043;2021;0.505066648647207
2044;2021.5;0.5052595925829423
2045;2022;0.5054703538363332
2046;2022.5;0.5056961766011551
2047;2023;0.5059345054515565
2048;2023.5;0.5061852436149699
2049;2024;0.5064487280188277
2050;2024.5;0.5067252953905624
2051;2025;0.5070152822576068
2052;2025.5;0.5073190254473928
2053;2026;0.5076368617873533
2054;2026.5;0.5079711904797707
2055;2027;0.5083568589193765
2056;2027.5;0.508802130195295
2057;2028;0.5093003368901519
2058;2028.5;0.5098461218865729
2059;2029;0.510434178267183
2060;2029.5;0.5110591994146083
2061;2030;0.5117158785114744
2062;2030.5;0.5123989086404064
2063;2031;0.5131029831840304
2064;2031.5;0.5138390431867215
2065;2032;0.514663897749193
2066;2032.5;0.5155758127341536
2067;2033;0.5165658811208841
2068;2033.5;0.5176241547886644
2069;2034;0.5187406855167749
2070;2034.5;0.5199055251844962
2071;2035;0.5211087253711084
2072;2035.5;0.5223403381558922
2073;2036;0.5235904151181277
2074;2036.5;0.5248855136180002
2075;2037;0.5262571482609968
2076;2037.5;0.5276866104172504
2077;2038;0.5291612042383048
2078;2038.5;0.5306698563757039
2079;2039;0.5322014935809913
2080;2039.5;0.5337450425057111
2081;2040;0.5352894299014067
2082;2040.5;0.536823582419622
2083;2041;0.5383418084180862
2084;2041.5;0.539917244718039
2085;2042;0.5415585716480624
2086;2042.5;0.5432400889274211
2087;2043;0.5449341920753786
2088;2043.5;0.5466132409111996
2089;2044;0.5482495955541481
2090;2044.5;0.5498156158234885
2091;2045;0.5512836617384844
2092;2045.5;0.5526260931184008
2093;2046;0.5538455637983504
2094;2046.5;0.5550208733493369
2095;2047;0.5561421925026157
2096;2047.5;0.5571936397445848
2097;2048;0.5581578855616426
2098;2048.5;0.5590176003401874
2099;2049;0.5597554548666176
2100;2049.5;0.5603541193273316
2101;2050;0.5607962645087274
2102;2050.5;0.5610645528435156
2103;2051;0.561125687423323
2104;2051.5;0.5609734430832425
2105;2052;0.5606255998606614
2106;2052.5;0.5601004215929666
2107;2053;0.5594167634175453
2108;2053.5;0.5585934801717847
2109;2054;0.5576494268930716
2110;2054.5;0.5566034586187932
2111;2055;0.5554744302863368
2112;2055.5;0.554263275610994
2113;2056;0.5528274677650359
2114;2056.5;0.5511657013077631
2115;2057;0.5493210779476217
2116;2057.5;0.5473355448930576
2117;2058;0.5452509555525167
2118;2058.5;0.5431091635344449
2119;2059;0.5409520223472883
2120;2059.5;0.5388213855994926
2121;2060;0.536759106799504
2122;2060.5;0.5347391802326223
2123;2061;0.5326475308821798
2124;2061.5;0.5305047806484738
2125;2062;0.5283366806101848
2126;2062.5;0.5261695137459934
2127;2063;0.5240295630345803
2128;2063.5;0.5219431117546259
2129;2064;0.5199364428848111
2130;2064.5;0.5180358396038159
2131;2065;0.5162653275551323
2132;2065.5;0.5145599304058164
2133;2066;0.5128880882738827
2134;2066.5;0.511261100240729
2135;2067;0.5096910877877531
2136;2067.5;0.5081904124963529
2137;2068;0.5067714360479261
2138;2068.5;0.5054465197238707
2139;2069;0.5042280252055844
2140;2069.5;0.5031283140744651
2141;2070;0.5021344479985715
2142;2070.5;0.5011529459644939
2143;2071;0.50018661504747
2144;2071.5;0.4992496923156695
2145;2072;0.4983585561372624
2146;2072.5;0.4975296578804184
2147;2073;0.4967794484133073
2148;2073.5;0.4961243789040991
2149;2074;0.4955809004209635
2150;2074.5;0.49516545551190305
2151;2075;0.49481743427121216
2152;2075.5;0.4944737632598038
2153;2076;0.4941421705243859
2154;2076.5;0.4938293667116673
2155;2077;0.4935418504683556
2156;2077.5;0.4932861204411596
2157;2078;0.4930686750767873
2158;2078.5;0.49289601312194736
2159;2079;0.4927746330233477
2160;2079.5;0.49270477059027595
2161;2080;0.4926431920363383
2162;2080.5;0.4925810566786867
2163;2081;0.4925177083477975
2164;2081.5;0.4924574262741473
2165;2082;0.4924050795882122
2166;2082.5;0.4923655373204688
2167;2083;0.4923436686013932
2168;2083.5;0.4923443423614618
2169;2084;0.49237242783115087
2170;2084.5;0.49242881205969635
2171;2085;0.49250954116613865
2172;2085.5;0.4926094855815659
2173;2086;0.49272093002979006
2174;2086.5;0.4928417787346241
2175;2087;0.4929699481198802
2176;2087.5;0.49310335450937093
2177;2088;0.49323991402690864
2178;2088.5;0.493377542996306
2179;2089;0.49351447479151433
2180;2089.5;0.4936535858873062
2181;2090;0.49379676199163675
2182;2090.5;0.4939451019849669
2183;2091;0.49409913434775615
2184;2091.5;0.4942592409604652
2185;2092;0.4944258034035542
2186;2092.5;0.49459920375748323
2187;2093;0.49477982380271274
2188;2093.5;0.4949680452197027
2189;2094;0.4951693521097888
2190;2094.5;0.49539267926902025
2191;2095;0.4956352515127918
2192;2095.5;0.4958947843648051
2193;2096;0.49616866994876163
2194;2096.5;0.49645428118836304
2195;2097;0.4967489910073106
2196;2097.5;0.49705017232930615
2197;2098;0.4973551981780509
2198;2098.5;0.49766214219466925
2199;2099;0.49798214288230724
2200;2099.5;0.4983192752385306
2201;2100;0.4986736222485531
2202;2100.5;0.49904386489758873
2203;2101;0.4994280000708512
2204;2101.5;0.4998240250535547
2205;2102;0.5002299368309128
2206;2102.5;0.5006437325881395
2207;2103;0.5010634095104486
2208;2103.5;0.5014911522481579
2209;2104;0.5019345798280181
2210;2104.5;0.5023892412067255
2211;2105;0.5028467412666017
2212;2105.5;0.5033070343899698
2213;2106;0.503770724659152
2214;2106.5;0.5042384163564704
2215;2107;0.5047107136642474
2216;2107.5;0.5051882206648056
2217;2108;0.5056718836061774
2218;2108.5;0.5061700544146783
2219;2109;0.5066876223328906
2220;2109.5;0.5072214495573817
2221;2110;0.5077680668847189
2222;2110.5;0.5083267336114695
2223;2111;0.5088967088342007
2224;2111.5;0.50947725184948
2225;2112;0.5100676216538744
2226;2112.5;0.5106670775439514
2227;2113;0.5112786351738766
2228;2113.5;0.5119088796110066
2229;2114;0.5125548174177221
2230;2114.5;0.5132140707430135
2231;2115;0.5138831163358711
2232;2115.5;0.514558268845285
2233;2116;0.5152358432202458
2234;2116.5;0.5159121541097434
2235;2117;0.5165835164627682
2236;2117.5;0.5172473179822346
2237;2118;0.5179185190459037
2238;2118.5;0.5185988458177802
2239;2119;0.5192817962503171
2240;2119.5;0.5199618359959681
2241;2120;0.5206346513071868
2242;2120.5;0.5212959281364263
2243;2121;0.5219413527361404
2244;2121.5;0.5225666112587822
2245;2122;0.5231673898568054
2246;2122.5;0.523748550223614
2247;2123;0.5243252316536491
2248;2123.5;0.5248956260863926
2249;2124;0.5254557023425945
2250;2124.5;0.5260019688430035
2251;2125;0.5265311125083691
2252;2125.5;0.5270398202594404
2253;2126;0.5275247788169669
2254;2126.5;0.5279826750016977
2255;2127;0.5284118907616793
2256;2127.5;0.5288288131075504
2257;2128;0.5292357850730799
2258;2128.5;0.529630348768104
2259;2129;0.5300102400024584
2260;2129.5;0.5303725485859796
2261;2130;0.5307143641285033
2262;2130.5;0.5310327766398658
2263;2131;0.5313248756299027
2264;2131.5;0.5315877510084506
2265;2132;0.5318262352129886
2266;2132.5;0.5320511425803296
2267;2133;0.5322642879071278
2268;2133.5;0.5324676447008283
2269;2134;0.5326628409688761
2270;2134.5;0.5328514505187162
2271;2135;0.5330350470577937
2272;2135.5;0.5332152044935539
2273;2136;0.5333934966334418
2274;2136.5;0.533570492847796
2275;2137;0.5337410427382538
2276;2137.5;0.533905363944996
2277;2138;0.5340640076102606
2278;2138.5;0.5342182388762863
2279;2139;0.5343703390853112
2280;2139.5;0.5345225894795738
2281;2140;0.5346772712013125
2282;2140.5;0.5348366653927655
2283;2141;0.5350030400212477
2284;2141.5;0.5351735210492761
2285;2142;0.5353465684215942
2286;2142.5;0.5355248650003
2287;2143;0.5357100846474914
2288;2143.5;0.5359038039252656
2289;2144;0.5361076446957209
2290;2144.5;0.5363232286209548
2291;2145;0.5365521773630656
2292;2145.5;0.5367961125841506
2293;2146;0.5370618519106568
2294;2146.5;0.5373662714398577
2295;2147;0.5377059129372539
2296;2147.5;0.5380774607210471
2297;2148;0.5384768514094397
2298;2148.5;0.5388987006206337
2299;2149;0.5393376237728316
2300;2149.5;0.5397882361842352
2301;2150;0.5402451532730469
2302;2150.5;0.5407039873233356
2303;2151;0.5411826325976847
2304;2151.5;0.541687147844581
2305;2152;0.5422122669405396
2306;2152.5;0.5427495007620754
2307;2153;0.5432988452857039
2308;2153.5;0.5438609470879399
2309;2154;0.5444364524452989
2310;2154.5;0.5450260079342957
2311;2155;0.5456302598314456
2312;2155.5;0.5462610760092187
2313;2156;0.5469354662398038
2314;2156.5;0.5476500013852681
2315;2157;0.5483973799848778
2316;2157.5;0.5491680120778992
2317;2158;0.5499528048035986
2318;2158.5;0.5507426655012422
2319;2159;0.5515285014100961
2320;2159.5;0.5523012196694268
2321;2160;0.5530553917233043
2322;2160.5;0.5538066117504729
2323;2161;0.5545536577852085
2324;2161.5;0.5552921552995642
2325;2162;0.5560208507655935
2326;2162.5;0.5567388577553494
2327;2163;0.5574452665408848
2328;2163.5;0.558139167794253
2329;2164;0.558819651787507
2330;2164.5;0.559485842111761
2331;2165;0.5601404009955678
2332;2165.5;0.5607882057091906
2333;2166;0.5614331541126694
2334;2166.5;0.5620780350660446
2335;2167;0.5627230340293564
2336;2167.5;0.5633680300626455
2337;2168;0.5640129020259519
2338;2168.5;0.5646575289793159
2339;2169;0.565301789782778
2340;2169.5;0.5659478976146881
2341;2170;0.5665973299181882
2342;2170.5;0.5672433563130168
2343;2171;0.5678811308289852
2344;2171.5;0.568507634695905
2345;2172;0.5691182736435878
2346;2172.5;0.5697084513018451
2347;2173;0.5702735715004883
2348;2173.5;0.5708090378693292
2349;2174;0.5713126514298776
2350;2174.5;0.5717992234530282
2351;2175;0.5722707466744577
2352;2175.5;0.5727243218138869
2353;2176;0.5731534881910356
2354;2176.5;0.5735573378256245
2355;2177;0.5739356618373739
2356;2177.5;0.5742882516460039
2357;2178;0.574614898371235
2358;2178.5;0.5749156614675874
2359;2179;0.5752125276076334
2360;2179.5;0.5755153214441643
2361;2180;0.5758179122131537
2362;2180.5;0.5761099528505758
2363;2181;0.576381856092404
2364;2181.5;0.5766257718746125
2365;2182;0.5768338502331751
2366;2182.5;0.5769982410040655
2367;2183;0.5771110943232577
2368;2183.5;0.5771857826510739
2369;2184;0.5772587284492582
2370;2184.5;0.5773261007413156
2371;2185;0.5773827783419054
2372;2185.5;0.5774236017656874
2373;2186;0.5774436230273216
2374;2186.5;0.5774378988414673
2375;2187;0.5774014860227846
2376;2187.5;0.5773294413859332
2377;2188;0.5772212813561092
2378;2188.5;0.5770997371921691
2379;2189;0.5769687644126991
2380;2189.5;0.5768282499021715
2381;2190;0.5766774135450589
2382;2190.5;0.5765162941258337
2383;2191;0.5763451055289689
2384;2191.5;0.5761640618389369
2385;2192;0.5759733768402102
2386;2192.5;0.5757729285258544
2387;2193;0.5755551297206085
2388;2193.5;0.575320493697765
2389;2194;0.57507404974923
2390;2194.5;0.5748220645669099
2391;2195;0.5745693164427108
2392;2195.5;0.5743194051685393
2393;2196;0.5740759304363013
2394;2196.5;0.5738424920379034
2395;2197;0.5736226896652514
2396;2197.5;0.5734148425545273
2397;2198;0.5732119544526411
2398;2198.5;0.5730109286440852
2399;2199;0.5728076246608991
2400;2199.5;0.572598575035121
2401;2200;0.5723841853987902
2402;2200.5;0.5721649680839456
2403;2201;0.571941436022626
2404;2201.5;0.5717141016468703
2405;2202;0.571487397613183
2406;2202.5;0.5712728596945105
2407;2203;0.5710705567304355
2408;2203.5;0.5708785541881465
2409;2204;0.570686970534831
2410;2204.5;0.5704917381376768
2411;2205;0.570290346663872
2412;2205.5;0.5700802857806044
2413;2206;0.5698590452550618
2414;2206.5;0.569619637936759
2415;2207;0.5693308936877172
2416;2207.5;0.5689962177660562
2417;2208;0.5686265055184437
2418;2208.5;0.5682326812915467
2419;2209;0.5678235912320325
2420;2209.5;0.5674073866865685
2421;2210;0.5669922191018217
2422;2210.5;0.5665862397244598
2423;2211;0.5661964783657474
2424;2211.5;0.5657974697330872
2425;2212;0.5653776926572753
2426;2212.5;0.5649399221031197
2427;2213;0.5644872135354282
2428;2213.5;0.5640253786190088
2429;2214;0.563561642518669
2430;2214.5;0.563103238099217
2431;2215;0.5626573981254607
2432;2215.5;0.5622313554622078
2433;2216;0.5618223265602195
2434;2216.5;0.5614246838488418
2435;2217;0.5610415868622225
2436;2217.5;0.5606763379456933
2437;2218;0.5603305574445853
2438;2218.5;0.5600023186042298
2439;2219;0.5596894495699585
2440;2219.5;0.5593897789871025
2441;2220;0.559101135100993
2442;2220.5;0.558813879617006
2443;2221;0.5585127574374518
2444;2221.5;0.5582002699093374
2445;2222;0.5578791594462886
2446;2222.5;0.5575496849619322
2447;2223;0.5572206153698941
2448;2223.5;0.5569031567838005
2449;2224;0.5566085153172776
2450;2224.5;0.5563478969839516
2451;2225;0.5561243146115848
2452;2225.5;0.555914306790982
2453;2226;0.5557234599614609
2454;2226.5;0.5555609822646008
2455;2227;0.5554346004419805
2456;2227.5;0.5553443375351794
2457;2228;0.5552879560857763
2458;2228.5;0.5552632185353508
2459;2229;0.5552678871254816
2460;2229.5;0.5552979615586235
2461;2230;0.5553344021066821
2462;2230.5;0.5553660879613622
2463;2231;0.5553849195163044
2464;2231.5;0.5553901656651499
2465;2232;0.5553935484015392
2466;2232.5;0.5553951417191136
2467;2233;0.5553945583115137
2468;2233.5;0.5553914109723804
2469;2234;0.5553855746070692
2470;2234.5;0.5553829433249107
2471;2235;0.5553879270111602
2472;2235.5;0.5554029760970258
2473;2236;0.5554294034137153
2474;2236.5;0.5554639602924367
2475;2237;0.5555079013643976
2476;2237.5;0.5555631926608062
2477;2238;0.5556318004128703
2478;2238.5;0.5557162042618842
2479;2239;0.555870730982351
2480;2239.5;0.556121319864084
2481;2240;0.5564543594680962
2482;2240.5;0.5568568527554005
2483;2241;0.5573218212870101
2484;2241.5;0.5578339278239376
2485;2242;0.5583750528271965
2486;2242.5;0.5589270762577989
2487;2243;0.5594718785767585
2488;2243.5;0.5600266205826232
2489;2244;0.5606186980459629
2490;2244.5;0.5612385411782111
2491;2245;0.5618766512954554
2492;2245.5;0.5625325175137833
2493;2246;0.5632042122492823
2494;2246.5;0.5638847735180402
2495;2247;0.5645672390361445
2496;2247.5;0.5652446469196827
2497;2248;0.5659235068569767
2498;2248.5;0.5666225641820939
2499;2249;0.5673385989860228
2500;2249.5;0.568067949068455
2501;2250;0.5688036966290819

